TITLE = "Unit spherical octant triangulation"
VARIABLES =
"x"
"y"
"z"
"solid angle, sr"
ZONE T = "unit_sphere_octant_25.dat"
Nodes = 325, Elements = 576
ZONETYPE=FETriangle
DATAPACKING=BLOCK
VARLOCATION=([4]=CELLCENTERED)
  0.00000000E+00  7.27710462E-02  0.00000000E+00  1.42586241E-01  7.50016228E-02
  0.00000000E+00  2.09962392E-01  1.47383912E-01  7.71869682E-02  0.00000000E+00
  2.74510344E-01  2.16696037E-01  1.51799277E-01  7.97108279E-02  0.00000000E+00
  3.35896153E-01  2.83051015E-01  2.23368583E-01  1.56691504E-01  8.23160480E-02
  0.00000000E+00  3.94206714E-01  3.46074695E-01  2.91857372E-01  2.30604954E-01
  1.61656900E-01  8.45383822E-02  0.00000000E+00  4.50105058E-01  4.06406371E-01
  3.56868907E-01  3.01002885E-01  2.37684182E-01  1.65868605E-01  8.61530422E-02
  0.00000000E+00  5.03527597E-01  4.63994411E-01  4.18787361E-01  3.67873279E-01
  3.10096662E-01  2.43735178E-01  1.68869554E-01  8.74635408E-02  0.00000000E+00
  5.54777448E-01  5.19079517E-01  4.78038836E-01  4.31541275E-01  3.78695247E-01
  3.17480624E-01  2.47757341E-01  1.71212117E-01  8.82059469E-02  0.00000000E+00
  6.03764854E-01  5.71614258E-01  5.34412201E-01  4.92213123E-01  4.43800388E-01
  3.87437551E-01  3.22599347E-01  2.50805041E-01  1.72434499E-01  8.85851076E-02
  0.00000000E+00  6.50422054E-01  6.21802918E-01  5.88230493E-01  5.49844020E-01
  5.05385190E-01  4.53403346E-01  3.93291455E-01  3.26029391E-01  2.52188521E-01
  1.72936495E-01  8.87552427E-02  0.00000000E+00  6.94857507E-01  6.69524518E-01
  6.39451897E-01  6.04457283E-01  5.63589634E-01  5.15743137E-01  4.60040210E-01
  3.97253854E-01  3.27927154E-01  2.52789091E-01  1.73065324E-01  8.86955088E-02
  0.00000000E+00  7.36930269E-01  7.14810989E-01  6.87823633E-01  6.56023479E-01
  6.18451771E-01  5.74317785E-01  5.22486610E-01  4.63816042E-01  3.98756834E-01
  3.27983767E-01  2.52511078E-01  1.72383034E-01  8.81396867E-02  0.00000000E+00
  7.76758627E-01  7.57522348E-01  7.33560199E-01  7.04646675E-01  6.70150288E-01
  6.29241464E-01  5.80999133E-01  5.26339034E-01  4.65271131E-01  3.98731324E-01
  3.27260729E-01  2.51198759E-01  1.71072451E-01  8.72782501E-02  0.00000000E+00
  8.14088011E-01  7.97546908E-01  7.76229969E-01  7.50115565E-01  7.18359335E-01
  6.80527553E-01  6.35666093E-01  5.84639887E-01  5.27368082E-01  4.64750842E-01
  3.97134511E-01  3.24928372E-01  2.48968178E-01  1.69188163E-01  8.61244772E-02
  0.00000000E+00  8.48812033E-01  8.34788232E-01  8.15958512E-01  7.92364957E-01
  7.63213823E-01  7.28189305E-01  6.86443632E-01  6.38854991E-01  5.84923859E-01
  5.25849634E-01  4.62074150E-01  3.93664205E-01  3.21563898E-01  2.45861909E-01
  1.66982773E-01  8.50052609E-02  0.00000000E+00  8.80860004E-01  8.69005160E-01
  8.52473944E-01  8.31034538E-01  8.04310092E-01  7.71799113E-01  7.33026113E-01
  6.88559531E-01  6.38042459E-01  5.82435675E-01  5.22299515E-01  4.57607217E-01
  3.89164589E-01  3.17259867E-01  2.42242244E-01  1.64309772E-01  8.34365366E-02
  0.00000000E+00  9.09791252E-01  9.00049855E-01  8.85524585E-01  8.66186277E-01
  8.41557860E-01  8.11438998E-01  7.75391845E-01  7.33802956E-01  6.86475657E-01
  6.34276016E-01  5.77633183E-01  5.16465658E-01  4.51665711E-01  3.83428104E-01
  3.12110051E-01  2.37735923E-01  1.60751095E-01  8.14810990E-02  0.00000000E+00
  9.35515756E-01  9.27584812E-01  9.14880435E-01  8.97359973E-01  8.74727029E-01
  8.46838779E-01  8.13323299E-01  7.74459204E-01  7.30213966E-01  6.81149708E-01
  6.27793363E-01  5.70024774E-01  5.08520486E-01  4.43844275E-01  3.76061702E-01
  3.05399294E-01  2.32272654E-01  1.56899491E-01  7.94999451E-02  0.00000000E+00
  9.57628276E-01  9.51317264E-01  9.40250783E-01  9.24382463E-01  9.03541557E-01
  8.77659415E-01  8.46509520E-01  8.10254465E-01  7.68835466E-01  7.22829235E-01
  6.72617802E-01  6.18284570E-01  5.60200782E-01  4.98980502E-01  4.34567457E-01
  3.67284529E-01  2.97571172E-01  2.25806899E-01  1.52521092E-01  7.71062176E-02
  0.00000000E+00  9.75637115E-01  9.70730002E-01  9.61021163E-01  9.46629700E-01
  9.27404073E-01  9.03426843E-01  8.74496121E-01  8.40694360E-01  8.02096440E-01
  7.59130594E-01  7.12096664E-01  6.61087352E-01  6.06510469E-01  5.48739893E-01
  4.87600246E-01  4.23915441E-01  3.57675138E-01  2.89452241E-01  2.19655539E-01
  1.47888811E-01  7.47526206E-02  0.00000000E+00  9.88979968E-01  9.85282723E-01
  9.76740817E-01  9.63675777E-01  9.45953565E-01  9.23770466E-01  8.96921812E-01
  8.65446115E-01  8.29501716E-01  7.89412218E-01  7.45505022E-01  6.97829051E-01
  6.46643752E-01  5.92364443E-01  5.34801339E-01  4.74643075E-01  4.11939228E-01
  3.47226625E-01  2.81046321E-01  2.12976599E-01  1.43647754E-01  7.31531845E-02
  0.00000000E+00  9.97196319E-01  9.94341249E-01  9.86704741E-01  9.74711058E-01
  9.58420320E-01  9.37823915E-01  9.12903429E-01  8.83728777E-01  8.50428586E-01
  8.13254375E-01  7.72364768E-01  7.28007739E-01  6.80485667E-01  6.29788698E-01
  5.76084494E-01  5.19661720E-01  4.60729915E-01  3.99735634E-01  3.37165639E-01
  2.73034775E-01  2.07696233E-01  1.40963269E-01  7.19577192E-02  0.00000000E+00
  1.00000000E+00  9.97466046E-01  9.90320672E-01  9.79043014E-01  9.63865911E-01
  9.44834189E-01  9.21761781E-01  8.94842119E-01  8.64148889E-01  8.29793120E-01
  7.92058764E-01  7.51062544E-01  7.06995774E-01  6.60176870E-01  6.10344364E-01
  5.58102339E-01  5.03270181E-01  4.46414468E-01  3.87796433E-01  3.27532171E-01
  2.66296586E-01  2.03633187E-01  1.38815048E-01  7.11650154E-02  0.00000000E+00
  0.00000000E+00  0.00000000E+00  7.27321268E-02  0.00000000E+00  7.50769880E-02
  1.42713350E-01  0.00000000E+00  7.72011721E-02  1.47428288E-01  2.10046262E-01
  0.00000000E+00  7.96882243E-02  1.51836328E-01  2.16758692E-01  2.74548100E-01
  0.00000000E+00  8.23364955E-02  1.56634779E-01  2.23423388E-01  2.83022757E-01
  3.35835543E-01  0.00000000E+00  8.45074748E-02  1.61628445E-01  2.30419277E-01
  2.91822301E-01  3.46059028E-01  3.94323092E-01  0.00000000E+00  8.61540155E-02
  1.65831567E-01  2.37689584E-01  3.00862088E-01  3.56844424E-01  4.06297732E-01
  4.50211734E-01  0.00000000E+00  8.74545281E-02  1.68875044E-01  2.43616438E-01
  3.10144102E-01  3.67779090E-01  4.18779103E-01  4.64013646E-01  5.03519457E-01
  0.00000000E+00  8.82374141E-02  1.71168871E-01  2.47739132E-01  3.17573184E-01
  3.78878506E-01  4.31528785E-01  4.77968515E-01  5.18986404E-01  5.54693824E-01
  0.00000000E+00  8.86084182E-02  1.72380135E-01  2.50760843E-01  3.22607208E-01
  3.87490675E-01  4.43887138E-01  4.92132685E-01  5.34353186E-01  5.71602794E-01
  6.03708574E-01  0.00000000E+00  8.88150349E-02  1.72979973E-01  2.52181373E-01
  3.26187966E-01  3.93453230E-01  4.53523574E-01  5.05520726E-01  5.49838893E-01
  5.88153060E-01  6.21792665E-01  6.50363097E-01  0.00000000E+00  8.84966817E-02
  1.72980207E-01  2.52733170E-01  3.27590067E-01  3.97197945E-01  4.59959738E-01
  5.15711471E-01  5.63531019E-01  6.04398070E-01  6.39335429E-01  6.69524620E-01
  6.94721446E-01  0.00000000E+00  8.82861600E-02  1.72342161E-01  2.52698842E-01
  3.28158548E-01  3.98703431E-01  4.63987423E-01  5.22618171E-01  5.74470714E-01
  6.18567637E-01  6.56081795E-01  6.87783039E-01  7.14754776E-01  7.36833926E-01
  0.00000000E+00  8.72329644E-02  1.71115090E-01  2.51075952E-01  3.27252500E-01
  3.98712155E-01  4.65310833E-01  5.26492163E-01  5.81120811E-01  6.29337990E-01
  6.70215264E-01  7.04608060E-01  7.33512264E-01  7.57480662E-01  7.76716716E-01
  0.00000000E+00  8.62571951E-02  1.69399550E-01  2.49047629E-01  3.25060437E-01
  3.97127477E-01  4.64708745E-01  5.27411326E-01  5.84726748E-01  6.35704646E-01
  6.80623522E-01  7.18454917E-01  7.50124700E-01  7.76281338E-01  7.97533606E-01
  8.14078373E-01  0.00000000E+00  8.50402854E-02  1.67023998E-01  2.45869130E-01
  3.21499706E-01  3.93712760E-01  4.62034378E-01  5.25779813E-01  5.84923712E-01
  6.38851599E-01  6.86501938E-01  7.28204362E-01  7.63245574E-01  7.92325095E-01
  8.15978483E-01  8.34785299E-01  8.48848669E-01  0.00000000E+00  8.33082186E-02
  1.64212531E-01  2.42335148E-01  3.17399931E-01  3.89217268E-01  4.57649827E-01
  5.22272839E-01  5.82325781E-01  6.38061295E-01  6.88508395E-01  7.33047031E-01
  7.71840354E-01  8.04358354E-01  8.31097598E-01  8.52466278E-01  8.68999414E-01
  8.80820609E-01  0.00000000E+00  8.15043693E-02  1.60608921E-01  2.37570159E-01
  3.11944670E-01  3.83358445E-01  4.51572694E-01  5.16352263E-01  5.77573464E-01
  6.34234198E-01  6.86458683E-01  7.33736413E-01  7.75325521E-01  8.11407186E-01
  8.41530308E-01  8.66182618E-01  8.85553073E-01  9.00045338E-01  9.09808771E-01
  0.00000000E+00  7.94792320E-02  1.56829507E-01  2.32142671E-01  3.05295090E-01
  3.76065741E-01  4.43866998E-01  5.08625714E-01  5.69988106E-01  6.27664734E-01
  6.81127548E-01  7.30185236E-01  7.74520133E-01  8.13306562E-01  8.46871350E-01
  8.74730023E-01  8.97366250E-01  9.14894876E-01  9.27580190E-01  9.35501092E-01
  0.00000000E+00  7.70671285E-02  1.52271845E-01  2.25747202E-01  2.97595263E-01
  3.67280472E-01  4.34546937E-01  4.98941334E-01  5.60386586E-01  6.18383313E-01
  6.72708727E-01  7.22908773E-01  7.68867698E-01  8.10269912E-01  8.46473171E-01
  8.77697846E-01  9.03570903E-01  9.24386058E-01  9.40250440E-01  9.51287743E-01
  9.57616414E-01  0.00000000E+00  7.47051499E-02  1.47858597E-01  2.19521342E-01
  2.89368397E-01  3.57659663E-01  4.23796463E-01  4.87558800E-01  5.48533340E-01
  6.06498583E-01  6.61011599E-01  7.12049039E-01  7.59051818E-01  8.01994308E-01
  8.40677247E-01  8.74432137E-01  9.03440568E-01  9.27415927E-01  9.46635149E-01
  9.61000441E-01  9.70726269E-01  9.75616474E-01  0.00000000E+00  7.30340363E-02
  1.43743606E-01  2.13047654E-01  2.81051031E-01  3.47261100E-01  4.11863106E-01
  4.74591467E-01  5.34825073E-01  5.92340841E-01  6.46711476E-01  6.97811844E-01
  7.45541224E-01  7.89389292E-01  8.29533182E-01  8.65409281E-01  8.96862231E-01
  9.23780803E-01  9.45985516E-01  9.63694320E-01  9.76754013E-01  9.85295286E-01
  9.88975241E-01  0.00000000E+00  7.19946492E-02  1.40961757E-01  2.07760143E-01
  2.73014336E-01  3.37156386E-01  3.99767742E-01  4.60727414E-01  5.19624050E-01
  5.76024209E-01  6.29803620E-01  6.80567972E-01  7.28075967E-01  7.72379496E-01
  8.13215311E-01  8.50414383E-01  8.83732288E-01  9.12894157E-01  9.37818695E-01
  9.58413946E-01  9.74723113E-01  9.86715076E-01  9.94345698E-01  9.97198349E-01
  0.00000000E+00  7.11610497E-02  1.38803020E-01  2.03657317E-01  2.66391096E-01
  3.27553360E-01  3.87759244E-01  4.46384401E-01  5.03236919E-01  5.58071527E-01
  6.10445049E-01  6.60231243E-01  7.07217777E-01  7.51110340E-01  7.92136352E-01
  8.29772399E-01  8.64129518E-01  8.94827119E-01  9.21746137E-01  9.44841535E-01
  9.63892028E-01  9.79048029E-01  9.90318989E-01  9.97465763E-01  1.00000000E+00
  1.00000000E+00  9.97356720E-01  9.97359558E-01  9.89829319E-01  9.94365539E-01
  9.89811002E-01  9.77740566E-01  9.86073214E-01  9.86067693E-01  9.77722555E-01
  9.61598643E-01  9.72999193E-01  9.76690970E-01  9.72983386E-01  9.61587864E-01
  9.41912909E-01  9.55579689E-01  9.62082012E-01  9.62060053E-01  9.55589823E-01
  9.41934522E-01  9.19034189E-01  9.34407858E-01  9.42721847E-01  9.45392000E-01
  9.42727823E-01  9.34410868E-01  9.18984264E-01  8.92985304E-01  9.09637095E-01
  9.19332507E-01  9.23546300E-01  9.23593566E-01  9.19335332E-01  9.09685714E-01
  8.92931530E-01  8.63987705E-01  8.81527855E-01  8.92260483E-01  8.97416273E-01
  8.98712581E-01  8.97422635E-01  8.92265393E-01  8.81516843E-01  8.63992451E-01
  8.32007197E-01  8.50179309E-01  8.61518148E-01  8.67430455E-01  8.69350629E-01
  8.69304588E-01  8.67431472E-01  8.61548573E-01  8.50239410E-01  8.32062949E-01
  7.97170144E-01  8.15746624E-01  8.27481088E-01  8.33596237E-01  8.36062107E-01
  8.36528023E-01  8.36019084E-01  8.33630428E-01  8.27507867E-01  8.15757189E-01
  7.97212763E-01  7.59580058E-01  7.78147577E-01  7.90000157E-01  7.96311624E-01
  7.98888290E-01  7.99785606E-01  7.99797007E-01  7.98867267E-01  7.96312901E-01
  7.90067328E-01  7.78162591E-01  7.59630537E-01  7.19155111E-01  7.37528120E-01
  7.49145478E-01  7.55509764E-01  7.58346181E-01  7.59132487E-01  7.59498805E-01
  7.59124745E-01  7.58244044E-01  7.55538416E-01  7.49225217E-01  7.37504145E-01
  7.19286548E-01  6.75977747E-01  6.93754294E-01  7.05151168E-01  7.11207708E-01
  7.14051855E-01  7.15008071E-01  7.15376980E-01  7.15392013E-01  7.14855422E-01
  7.14031791E-01  7.11220597E-01  7.05180766E-01  6.93830831E-01  6.76082769E-01
  6.29808789E-01  6.46989935E-01  6.57763565E-01  6.63684392E-01  6.66219116E-01
  6.67178896E-01  6.67809642E-01  6.67695660E-01  6.67731427E-01  6.67076387E-01
  6.66149693E-01  6.63678930E-01  6.57828116E-01  6.47032619E-01  6.29860471E-01
  5.80753770E-01  5.97098286E-01  6.07302515E-01  6.12655655E-01  6.15095263E-01
  6.15806256E-01  6.16457992E-01  6.16505619E-01  6.16460227E-01  6.16386504E-01
  6.15695654E-01  6.15053412E-01  6.12676780E-01  6.07295773E-01  5.97135205E-01
  5.80767283E-01  5.28709395E-01  5.44011097E-01  5.53500209E-01  5.58349347E-01
  5.60527743E-01  5.61051502E-01  5.61576574E-01  5.61665021E-01  5.61939079E-01
  5.61603515E-01  5.61472575E-01  5.61066028E-01  5.60447684E-01  5.58409111E-01
  5.53483183E-01  5.44021079E-01  5.28650566E-01  4.73393452E-01  4.87796037E-01
  4.96359596E-01  5.00705503E-01  5.02387420E-01  5.02879196E-01  5.03269408E-01
  5.03157183E-01  5.03833689E-01  5.03682786E-01  5.03199475E-01  5.03277690E-01
  5.02856670E-01  5.02398637E-01  5.00645760E-01  4.96340611E-01  4.87784345E-01
  4.73466748E-01  4.15084990E-01  4.28164465E-01  4.36006928E-01  4.39697594E-01
  4.41047321E-01  4.41200032E-01  4.41475720E-01  4.41547409E-01  4.41827105E-01
  4.42145007E-01  4.41775411E-01  4.41525373E-01  4.41497070E-01  4.41198003E-01
  4.40982901E-01  4.39615207E-01  4.35896672E-01  4.28178384E-01  4.15046590E-01
  3.53306587E-01  3.65134631E-01  3.72086104E-01  3.75373156E-01  3.76426712E-01
  3.76150526E-01  3.76212071E-01  3.76245794E-01  3.76761715E-01  3.76988226E-01
  3.76814042E-01  3.76761920E-01  3.76262636E-01  3.76275075E-01  3.76081214E-01
  3.76335276E-01  3.75277685E-01  3.72021111E-01  3.65141815E-01  3.53345420E-01
  2.88033206E-01  2.98503310E-01  3.04611138E-01  3.07574097E-01  3.08375570E-01
  3.07999445E-01  3.07627122E-01  3.07552800E-01  3.08062212E-01  3.08485318E-01
  3.08368618E-01  3.08496864E-01  3.08319605E-01  3.07448529E-01  3.07698165E-01
  3.07885106E-01  3.08312816E-01  3.07519405E-01  3.04487533E-01  2.98587277E-01
  2.88072640E-01  2.19419496E-01  2.28350520E-01  2.33703824E-01  2.36101828E-01
  2.37127738E-01  2.36513895E-01  2.35989683E-01  2.35706385E-01  2.36200112E-01
  2.36469853E-01  2.36684478E-01  2.36616194E-01  2.36692170E-01  2.36067111E-01
  2.35681692E-01  2.36013085E-01  2.36438045E-01  2.36979113E-01  2.35955025E-01
  2.33769789E-01  2.28350801E-01  2.19511226E-01  1.48079464E-01  1.54635150E-01
  1.59205436E-01  1.61154270E-01  1.61899420E-01  1.61510847E-01  1.61021748E-01
  1.60604406E-01  1.60985802E-01  1.61206762E-01  1.61286606E-01  1.61616583E-01
  1.61390791E-01  1.61232304E-01  1.60902471E-01  1.60650376E-01  1.61158977E-01
  1.61525909E-01  1.61720513E-01  1.61137340E-01  1.59211484E-01  1.54498790E-01
  1.48111034E-01  7.48773951E-02  7.81733733E-02  8.09670154E-02  8.23645529E-02
  8.30861448E-02  8.25846623E-02  8.24730383E-02  8.22311772E-02  8.22776460E-02
  8.25854713E-02  8.25052845E-02  8.26983250E-02  8.27748840E-02  8.24812954E-02
  8.25496450E-02  8.21865242E-02  8.21795099E-02  8.27310515E-02  8.26061830E-02
  8.30926986E-02  8.23820958E-02  8.08381866E-02  7.81507824E-02  7.48503767E-02
  0.00000000E+00  0.00000000E+00  0.00000000E+00  0.00000000E+00  0.00000000E+00
  0.00000000E+00  0.00000000E+00  0.00000000E+00  0.00000000E+00  0.00000000E+00
  0.00000000E+00  0.00000000E+00  0.00000000E+00  0.00000000E+00  0.00000000E+00
  0.00000000E+00  0.00000000E+00  0.00000000E+00  0.00000000E+00  0.00000000E+00
  0.00000000E+00  0.00000000E+00  0.00000000E+00  0.00000000E+00  0.00000000E+00
  2.65572536E-03  2.64337733E-03  2.82352950E-03  2.64701288E-03  2.64971441E-03
  2.81551182E-03  2.65408088E-03  2.81374864E-03  2.64757695E-03  2.65863605E-03
  2.80998063E-03  2.64693782E-03  2.81979344E-03  2.64676196E-03  2.81146635E-03
  2.65753304E-03  2.66168275E-03  2.82054901E-03  2.65036334E-03  2.81661956E-03
  2.64720762E-03  2.81833972E-03  2.64809332E-03  2.81623322E-03  2.65674026E-03
  2.65458562E-03  2.80557041E-03  2.64649571E-03  2.82070531E-03  2.65071556E-03
  2.82004512E-03  2.65273409E-03  2.81887294E-03  2.64839621E-03  2.80684402E-03
  2.66366349E-03  2.66457726E-03  2.80683727E-03  2.66422265E-03  2.80739369E-03
  2.65241490E-03  2.81700134E-03  2.64614197E-03  2.81868994E-03  2.65184525E-03
  2.80802624E-03  2.66045109E-03  2.80276532E-03  2.66424385E-03  2.66608471E-03
  2.80052159E-03  2.66417399E-03  2.79820515E-03  2.65864715E-03  2.80742486E-03
  2.65254562E-03  2.81639901E-03  2.65138614E-03  2.81185058E-03  2.66259993E-03
  2.79887485E-03  2.66974895E-03  2.80699033E-03  2.66070542E-03  2.67337148E-03
  2.79818987E-03  2.67075187E-03  2.80105276E-03  2.66702868E-03  2.80081462E-03
  2.66585990E-03  2.80634128E-03  2.66054282E-03  2.80311478E-03  2.66153478E-03
  2.80593213E-03  2.66458608E-03  2.79895603E-03  2.66673324E-03  2.79174711E-03
  2.66838294E-03  2.67137266E-03  2.78853034E-03  2.66461447E-03  2.78762704E-03
  2.66679610E-03  2.79838951E-03  2.67287101E-03  2.80248283E-03  2.67024804E-03
  2.80185968E-03  2.66783306E-03  2.79662235E-03  2.66845272E-03  2.79501966E-03
  2.66718167E-03  2.79082302E-03  2.67129880E-03  2.79193215E-03  2.67199475E-03
  2.66888251E-03  2.79210292E-03  2.66934124E-03  2.79073708E-03  2.67064594E-03
  2.79143102E-03  2.68164416E-03  2.79156026E-03  2.67612792E-03  2.79736552E-03
  2.67084317E-03  2.79458015E-03  2.67337246E-03  2.78702453E-03  2.67788576E-03
  2.79365702E-03  2.66901768E-03  2.78985437E-03  2.66915343E-03  2.79060712E-03
  2.66676332E-03  2.66620274E-03  2.78748224E-03  2.66916804E-03  2.78985136E-03
  2.67601406E-03  2.78327958E-03  2.67598740E-03  2.78314051E-03  2.67570870E-03
  2.78903241E-03  2.67591957E-03  2.79221516E-03  2.67869942E-03  2.78973142E-03
  2.67148953E-03  2.78235968E-03  2.68472419E-03  2.78344443E-03  2.67555716E-03
  2.79094558E-03  2.67097990E-03  2.79148640E-03  2.66725925E-03  2.66929517E-03
  2.79362322E-03  2.67087777E-03  2.78486536E-03  2.68180108E-03  2.78455815E-03
  2.68002800E-03  2.78086398E-03  2.67759198E-03  2.78631481E-03  2.68216921E-03
  2.77958075E-03  2.67843064E-03  2.78014107E-03  2.68133022E-03  2.78426559E-03
  2.67987314E-03  2.78565573E-03  2.68042526E-03  2.78379920E-03  2.67716395E-03
  2.78426749E-03  2.66740033E-03  2.78967987E-03  2.66690723E-03  2.66744388E-03
  2.79083132E-03  2.66992521E-03  2.78357637E-03  2.68094821E-03  2.78344626E-03
  2.68340420E-03  2.77575618E-03  2.68371093E-03  2.77340688E-03  2.68384737E-03
  2.77801200E-03  2.67946846E-03  2.78081743E-03  2.67930638E-03  2.77347231E-03
  2.67799493E-03  2.77875248E-03  2.68700119E-03  2.77881336E-03  2.68147987E-03
  2.77747310E-03  2.68433780E-03  2.78739838E-03  2.67089822E-03  2.79042787E-03
  2.67216331E-03  2.66644203E-03  2.78710204E-03  2.67455376E-03  2.78290709E-03
  2.67560873E-03  2.78103820E-03  2.68846000E-03  2.77882091E-03  2.68291893E-03
  2.77347489E-03  2.68550420E-03  2.77645675E-03  2.68684042E-03  2.77882116E-03
  2.68587096E-03  2.77550762E-03  2.68254590E-03  2.77318641E-03  2.68688070E-03
  2.77396889E-03  2.68625391E-03  2.77292435E-03  2.68468417E-03  2.78494739E-03
  2.68299269E-03  2.78294199E-03  2.67101470E-03  2.78725880E-03  2.66447696E-03
  2.66803038E-03  2.79246437E-03  2.67229279E-03  2.78657135E-03  2.67589865E-03
  2.77892240E-03  2.68246304E-03  2.77337922E-03  2.68769064E-03  2.77314840E-03
  2.68820247E-03  2.77214639E-03  2.68426307E-03  2.77332106E-03  2.69348930E-03
  2.76656426E-03  2.69100783E-03  2.77001044E-03  2.68685516E-03  2.77493227E-03
  2.68561387E-03  2.77205687E-03  2.68518578E-03  2.77337022E-03  2.68367655E-03
  2.78169282E-03  2.67806750E-03  2.78529466E-03  2.67417413E-03  2.79045366E-03
  2.67058898E-03  2.67052662E-03  2.79004441E-03  2.67312363E-03  2.78445790E-03
  2.68677180E-03  2.77506455E-03  2.68587862E-03  2.77932690E-03  2.69148920E-03
  2.77339252E-03  2.68599965E-03  2.77416686E-03  2.69233170E-03  2.77368713E-03
  2.68637517E-03  2.76906120E-03  2.69397474E-03  2.77277958E-03  2.68604619E-03
  2.77008123E-03  2.68973141E-03  2.77260576E-03  2.68789649E-03  2.77052280E-03
  2.69022231E-03  2.77773748E-03  2.68933056E-03  2.78168356E-03  2.68081053E-03
  2.78500811E-03  2.67413677E-03  2.79122794E-03  2.66827532E-03  2.66006707E-03
  2.79315757E-03  2.67063570E-03  2.78490910E-03  2.68257441E-03  2.78291079E-03
  2.69275839E-03  2.77300001E-03  2.68896307E-03  2.77155052E-03  2.68867303E-03
  2.77251255E-03  2.68957866E-03  2.76567714E-03  2.69063174E-03  2.77028729E-03
  2.69528454E-03  2.77592313E-03  2.68983638E-03  2.77024836E-03  2.69152299E-03
  2.77144425E-03  2.69034756E-03  2.77214929E-03  2.68878745E-03  2.77395245E-03
  2.68874587E-03  2.77443970E-03  2.69407998E-03  2.77759479E-03  2.68753536E-03
  2.78822448E-03  2.67448726E-03  2.79526813E-03  2.66443112E-03  2.66674443E-03
  2.79601747E-03  2.67166007E-03  2.78532530E-03  2.68441200E-03  2.78305542E-03
  2.68741404E-03  2.77678640E-03  2.69289894E-03  2.77701045E-03  2.69062330E-03
  2.77265713E-03  2.69528495E-03  2.77153779E-03  2.69279777E-03  2.77320139E-03
  2.68980222E-03  2.76394832E-03  2.69487043E-03  2.77029912E-03  2.69315365E-03
  2.76885896E-03  2.69729340E-03  2.77124363E-03  2.69030387E-03  2.77196797E-03
  2.69192810E-03  2.77600408E-03  2.68975462E-03  2.77790325E-03  2.68694495E-03
  2.78432904E-03  2.68449359E-03  2.78910238E-03  2.67396366E-03  2.79575919E-03
  2.66410329E-03  2.66284826E-03  2.80315128E-03  2.67041506E-03  2.79002505E-03
  2.68179687E-03  2.77932995E-03  2.69287716E-03  2.77723442E-03  2.69484195E-03
  2.77538940E-03  2.69069522E-03  2.77390973E-03  2.69551476E-03  2.77520322E-03
  2.69810358E-03  2.77309922E-03  2.69635211E-03  2.77275729E-03  2.69601071E-03
  2.77107644E-03  2.68873348E-03  2.77080062E-03  2.69176718E-03  2.76926325E-03
  2.69044414E-03  2.77658501E-03  2.69719348E-03  2.77218764E-03  2.69201560E-03
  2.77279054E-03  2.69492504E-03  2.77503889E-03  2.68801796E-03  2.77986214E-03
  2.67735760E-03  2.79494780E-03  2.67526099E-03  2.80083170E-03  2.66421508E-03
  2.65683058E-03  2.79967952E-03  2.67457077E-03  2.78421824E-03  2.68366018E-03
  2.78476302E-03  2.68618605E-03  2.77486910E-03  2.68629933E-03  2.77648475E-03
  2.68732510E-03  2.77546918E-03  2.68951489E-03  2.77193822E-03  2.68678886E-03
  2.77236113E-03  2.68953885E-03  2.77657566E-03  2.69011689E-03  2.77125280E-03
  2.68844833E-03  2.77398346E-03  2.68823866E-03  2.77413809E-03  2.69268153E-03
  2.77480213E-03  2.69208287E-03  2.77076574E-03  2.68853971E-03  2.77696349E-03
  2.68949292E-03  2.77626327E-03  2.68645023E-03  2.77494090E-03  2.68778607E-03
  2.78101911E-03  2.68059389E-03  2.78441879E-03  2.67712284E-03  2.80449984E-03
  2.65654652E-03  2.65747935E-03  2.80715282E-03  2.67200690E-03  2.79462107E-03
  2.67667238E-03  2.79143350E-03  2.68664315E-03  2.78311511E-03  2.68620086E-03
  2.78456896E-03  2.68399192E-03  2.77618819E-03  2.69067636E-03  2.77845650E-03
  2.68448243E-03  2.77291073E-03  2.68879310E-03  2.77719219E-03  2.68376582E-03
  2.77688685E-03  2.68429837E-03  2.77333712E-03  2.68365028E-03  2.77653129E-03
  2.68551187E-03  2.77252298E-03  2.68807968E-03  2.77959544E-03  2.67970206E-03
  2.77292800E-03  2.68636725E-03  2.77586281E-03  2.68456937E-03  2.77806626E-03
  2.68500491E-03  2.78217779E-03  2.68502268E-03  2.79111581E-03  2.67967641E-03
  2.79579320E-03  2.66882369E-03  2.81452977E-03  2.66411982E-03  2.65898417E-03
  2.81670052E-03  2.67372262E-03  2.80438787E-03  2.67641064E-03  2.79935737E-03
  2.67152528E-03  2.79390708E-03  2.68232560E-03  2.78709198E-03  2.68448120E-03
  2.78065310E-03  2.68024826E-03  2.78345575E-03  2.67432269E-03  2.78503679E-03
  2.67808222E-03  2.78236860E-03  2.68031979E-03  2.78103319E-03  2.67588216E-03
  2.78172952E-03  2.67363927E-03  2.78472134E-03  2.67531549E-03  2.78005407E-03
  2.67858365E-03  2.78584266E-03  2.67895730E-03  2.78287548E-03  2.67963865E-03
  2.78662303E-03  2.68000368E-03  2.78052513E-03  2.68106024E-03  2.78461896E-03
  2.67544411E-03  2.79061029E-03  2.67383421E-03  2.79915153E-03  2.67821425E-03
  2.80068831E-03  2.67103267E-03  2.81667536E-03  2.65974767E-03  2.67367487E-03
  2.82342386E-03  2.66653653E-03  2.81450550E-03  2.67301899E-03  2.80064442E-03
  2.66612111E-03  2.80052137E-03  2.66905535E-03  2.79389581E-03  2.67017608E-03
  2.78898139E-03  2.66788600E-03  2.79014603E-03  2.66399723E-03  2.79232088E-03
  2.66954764E-03  2.79505404E-03  2.67302221E-03  2.79758862E-03  2.66796683E-03
  2.79405989E-03  2.67108328E-03  2.78930822E-03  2.66353617E-03  2.79154389E-03
  2.66945098E-03  2.79277986E-03  2.66505391E-03  2.79450807E-03  2.66652160E-03
  2.79125739E-03  2.66251835E-03  2.79221031E-03  2.67599255E-03  2.79448734E-03
  2.67347670E-03  2.79409291E-03  2.67241640E-03  2.80435144E-03  2.66365747E-03
  2.79823887E-03  2.66725461E-03  2.81168242E-03  2.66608579E-03  2.82121556E-03
  2.67285595E-03
   1   2   3
   2   4   5
   5   3   2
   3   5   6
   4   7   8
   8   5   4
   5   8   9
   9   6   5
   6   9  10
   7  11  12
  12   8   7
   8  12  13
  13   9   8
   9  13  14
  14  10   9
  10  14  15
  11  16  17
  17  12  11
  12  17  18
  18  13  12
  13  18  19
  19  14  13
  14  19  20
  20  15  14
  15  20  21
  16  22  23
  23  17  16
  17  23  24
  24  18  17
  18  24  25
  25  19  18
  19  25  26
  26  20  19
  20  26  27
  27  21  20
  21  27  28
  22  29  30
  30  23  22
  23  30  31
  31  24  23
  24  31  32
  32  25  24
  25  32  33
  33  26  25
  26  33  34
  34  27  26
  27  34  35
  35  28  27
  28  35  36
  29  37  38
  38  30  29
  30  38  39
  39  31  30
  31  39  40
  40  32  31
  32  40  41
  41  33  32
  33  41  42
  42  34  33
  34  42  43
  43  35  34
  35  43  44
  44  36  35
  36  44  45
  37  46  47
  47  38  37
  38  47  48
  48  39  38
  39  48  49
  49  40  39
  40  49  50
  50  41  40
  41  50  51
  51  42  41
  42  51  52
  52  43  42
  43  52  53
  53  44  43
  44  53  54
  54  45  44
  45  54  55
  46  56  57
  57  47  46
  47  57  58
  58  48  47
  48  58  59
  59  49  48
  49  59  60
  60  50  49
  50  60  61
  61  51  50
  51  61  62
  62  52  51
  52  62  63
  63  53  52
  53  63  64
  64  54  53
  54  64  65
  65  55  54
  55  65  66
  56  67  68
  68  57  56
  57  68  69
  69  58  57
  58  69  70
  70  59  58
  59  70  71
  71  60  59
  60  71  72
  72  61  60
  61  72  73
  73  62  61
  62  73  74
  74  63  62
  63  74  75
  75  64  63
  64  75  76
  76  65  64
  65  76  77
  77  66  65
  66  77  78
  67  79  80
  80  68  67
  68  80  81
  81  69  68
  69  81  82
  82  70  69
  70  82  83
  83  71  70
  71  83  84
  84  72  71
  72  84  85
  85  73  72
  73  85  86
  86  74  73
  74  86  87
  87  75  74
  75  87  88
  88  76  75
  76  88  89
  89  77  76
  77  89  90
  90  78  77
  78  90  91
  79  92  93
  93  80  79
  80  93  94
  94  81  80
  81  94  95
  95  82  81
  82  95  96
  96  83  82
  83  96  97
  97  84  83
  84  97  98
  98  85  84
  85  98  99
  99  86  85
  86  99 100
 100  87  86
  87 100 101
 101  88  87
  88 101 102
 102  89  88
  89 102 103
 103  90  89
  90 103 104
 104  91  90
  91 104 105
  92 106 107
 107  93  92
  93 107 108
 108  94  93
  94 108 109
 109  95  94
  95 109 110
 110  96  95
  96 110 111
 111  97  96
  97 111 112
 112  98  97
  98 112 113
 113  99  98
  99 113 114
 114 100  99
 100 114 115
 115 101 100
 101 115 116
 116 102 101
 102 116 117
 117 103 102
 103 117 118
 118 104 103
 104 118 119
 119 105 104
 105 119 120
 106 121 122
 122 107 106
 107 122 123
 123 108 107
 108 123 124
 124 109 108
 109 124 125
 125 110 109
 110 125 126
 126 111 110
 111 126 127
 127 112 111
 112 127 128
 128 113 112
 113 128 129
 129 114 113
 114 129 130
 130 115 114
 115 130 131
 131 116 115
 116 131 132
 132 117 116
 117 132 133
 133 118 117
 118 133 134
 134 119 118
 119 134 135
 135 120 119
 120 135 136
 121 137 138
 138 122 121
 122 138 139
 139 123 122
 123 139 140
 140 124 123
 124 140 141
 141 125 124
 125 141 142
 142 126 125
 126 142 143
 143 127 126
 127 143 144
 144 128 127
 128 144 145
 145 129 128
 129 145 146
 146 130 129
 130 146 147
 147 131 130
 131 147 148
 148 132 131
 132 148 149
 149 133 132
 133 149 150
 150 134 133
 134 150 151
 151 135 134
 135 151 152
 152 136 135
 136 152 153
 137 154 155
 155 138 137
 138 155 156
 156 139 138
 139 156 157
 157 140 139
 140 157 158
 158 141 140
 141 158 159
 159 142 141
 142 159 160
 160 143 142
 143 160 161
 161 144 143
 144 161 162
 162 145 144
 145 162 163
 163 146 145
 146 163 164
 164 147 146
 147 164 165
 165 148 147
 148 165 166
 166 149 148
 149 166 167
 167 150 149
 150 167 168
 168 151 150
 151 168 169
 169 152 151
 152 169 170
 170 153 152
 153 170 171
 154 172 173
 173 155 154
 155 173 174
 174 156 155
 156 174 175
 175 157 156
 157 175 176
 176 158 157
 158 176 177
 177 159 158
 159 177 178
 178 160 159
 160 178 179
 179 161 160
 161 179 180
 180 162 161
 162 180 181
 181 163 162
 163 181 182
 182 164 163
 164 182 183
 183 165 164
 165 183 184
 184 166 165
 166 184 185
 185 167 166
 167 185 186
 186 168 167
 168 186 187
 187 169 168
 169 187 188
 188 170 169
 170 188 189
 189 171 170
 171 189 190
 172 191 192
 192 173 172
 173 192 193
 193 174 173
 174 193 194
 194 175 174
 175 194 195
 195 176 175
 176 195 196
 196 177 176
 177 196 197
 197 178 177
 178 197 198
 198 179 178
 179 198 199
 199 180 179
 180 199 200
 200 181 180
 181 200 201
 201 182 181
 182 201 202
 202 183 182
 183 202 203
 203 184 183
 184 203 204
 204 185 184
 185 204 205
 205 186 185
 186 205 206
 206 187 186
 187 206 207
 207 188 187
 188 207 208
 208 189 188
 189 208 209
 209 190 189
 190 209 210
 191 211 212
 212 192 191
 192 212 213
 213 193 192
 193 213 214
 214 194 193
 194 214 215
 215 195 194
 195 215 216
 216 196 195
 196 216 217
 217 197 196
 197 217 218
 218 198 197
 198 218 219
 219 199 198
 199 219 220
 220 200 199
 200 220 221
 221 201 200
 201 221 222
 222 202 201
 202 222 223
 223 203 202
 203 223 224
 224 204 203
 204 224 225
 225 205 204
 205 225 226
 226 206 205
 206 226 227
 227 207 206
 207 227 228
 228 208 207
 208 228 229
 229 209 208
 209 229 230
 230 210 209
 210 230 231
 211 232 233
 233 212 211
 212 233 234
 234 213 212
 213 234 235
 235 214 213
 214 235 236
 236 215 214
 215 236 237
 237 216 215
 216 237 238
 238 217 216
 217 238 239
 239 218 217
 218 239 240
 240 219 218
 219 240 241
 241 220 219
 220 241 242
 242 221 220
 221 242 243
 243 222 221
 222 243 244
 244 223 222
 223 244 245
 245 224 223
 224 245 246
 246 225 224
 225 246 247
 247 226 225
 226 247 248
 248 227 226
 227 248 249
 249 228 227
 228 249 250
 250 229 228
 229 250 251
 251 230 229
 230 251 252
 252 231 230
 231 252 253
 232 254 255
 255 233 232
 233 255 256
 256 234 233
 234 256 257
 257 235 234
 235 257 258
 258 236 235
 236 258 259
 259 237 236
 237 259 260
 260 238 237
 238 260 261
 261 239 238
 239 261 262
 262 240 239
 240 262 263
 263 241 240
 241 263 264
 264 242 241
 242 264 265
 265 243 242
 243 265 266
 266 244 243
 244 266 267
 267 245 244
 245 267 268
 268 246 245
 246 268 269
 269 247 246
 247 269 270
 270 248 247
 248 270 271
 271 249 248
 249 271 272
 272 250 249
 250 272 273
 273 251 250
 251 273 274
 274 252 251
 252 274 275
 275 253 252
 253 275 276
 254 277 278
 278 255 254
 255 278 279
 279 256 255
 256 279 280
 280 257 256
 257 280 281
 281 258 257
 258 281 282
 282 259 258
 259 282 283
 283 260 259
 260 283 284
 284 261 260
 261 284 285
 285 262 261
 262 285 286
 286 263 262
 263 286 287
 287 264 263
 264 287 288
 288 265 264
 265 288 289
 289 266 265
 266 289 290
 290 267 266
 267 290 291
 291 268 267
 268 291 292
 292 269 268
 269 292 293
 293 270 269
 270 293 294
 294 271 270
 271 294 295
 295 272 271
 272 295 296
 296 273 272
 273 296 297
 297 274 273
 274 297 298
 298 275 274
 275 298 299
 299 276 275
 276 299 300
 277 301 302
 302 278 277
 278 302 303
 303 279 278
 279 303 304
 304 280 279
 280 304 305
 305 281 280
 281 305 306
 306 282 281
 282 306 307
 307 283 282
 283 307 308
 308 284 283
 284 308 309
 309 285 284
 285 309 310
 310 286 285
 286 310 311
 311 287 286
 287 311 312
 312 288 287
 288 312 313
 313 289 288
 289 313 314
 314 290 289
 290 314 315
 315 291 290
 291 315 316
 316 292 291
 292 316 317
 317 293 292
 293 317 318
 318 294 293
 294 318 319
 319 295 294
 295 319 320
 320 296 295
 296 320 321
 321 297 296
 297 321 322
 322 298 297
 298 322 323
 323 299 298
 299 323 324
 324 300 299
 300 324 325
