TITLE = "Unit spherical octant triangulation"
VARIABLES =
"x"
"y"
"z"
"solid angle, sr"
ZONE T = "unit_sphere_octant_30.dat"
Nodes = 465, Elements = 841
ZONETYPE=FETriangle
DATAPACKING=BLOCK
VARLOCATION=([4]=CELLCENTERED)
  0.00000000E+00  6.03042417E-02  0.00000000E+00  1.18587717E-01  6.19184338E-02
  0.00000000E+00  1.75042406E-01  1.21954648E-01  6.37093525E-02  0.00000000E+00
  2.29511188E-01  1.79960222E-01  1.25436125E-01  6.54554771E-02  0.00000000E+00
  2.81593907E-01  2.35687760E-01  1.85039475E-01  1.29105044E-01  6.75474995E-02
  0.00000000E+00  3.31515870E-01  2.88941697E-01  2.42221860E-01  1.90591220E-01
  1.33351830E-01  6.95550251E-02  0.00000000E+00  3.79511298E-01  3.40022094E-01
  2.96964660E-01  2.49662735E-01  1.96815738E-01  1.37136935E-01  7.11690396E-02
  0.00000000E+00  4.25768011E-01  3.89230205E-01  3.49574456E-01  3.06213290E-01
  2.57622882E-01  2.02146166E-01  1.40058891E-01  7.23909815E-02  0.00000000E+00
  4.70310611E-01  4.36695179E-01  4.00150511E-01  3.60302978E-01  3.15722447E-01
  2.64506137E-01  2.06342006E-01  1.42336399E-01  7.33789612E-02  0.00000000E+00
  5.13407416E-01  4.82484991E-01  4.48834667E-01  4.12220016E-01  3.71207031E-01
  3.24009092E-01  2.69810471E-01  2.09525016E-01  1.44039892E-01  7.39839109E-02
  0.00000000E+00  5.55135658E-01  5.26727563E-01  4.95833354E-01  4.62140274E-01
  4.24375480E-01  3.80730110E-01  3.30336628E-01  2.73684216E-01  2.11688014E-01
  1.45003653E-01  7.42346045E-02  0.00000000E+00  5.95454960E-01  5.69496756E-01
  5.41200955E-01  5.10251307E-01  4.75357597E-01  4.34907510E-01  3.87947240E-01
  3.34827846E-01  2.76200777E-01  2.12808809E-01  1.45331456E-01  7.42669017E-02
  0.00000000E+00  6.34437908E-01  6.10758575E-01  5.84926563E-01  5.56496170E-01
  5.24251261E-01  4.86613531E-01  4.42794483E-01  3.93023833E-01  3.37583657E-01
  2.77378959E-01  2.13113278E-01  1.45319173E-01  7.40967306E-02  0.00000000E+00
  6.71869755E-01  6.50524537E-01  6.26936241E-01  6.00910412E-01  5.71031905E-01
  5.35953712E-01  4.95042436E-01  4.48331341E-01  3.96067125E-01  3.38964675E-01
  2.77813293E-01  2.13157999E-01  1.45107208E-01  7.41678628E-02  0.00000000E+00
  7.07860276E-01  6.88687862E-01  6.67358821E-01  6.43399667E-01  6.15777979E-01
  5.83010626E-01  5.44716532E-01  5.00862517E-01  4.51658646E-01  3.97588738E-01
  3.39364486E-01  2.77632290E-01  2.12471580E-01  1.44515974E-01  7.34783659E-02
  0.00000000E+00  7.42466837E-01  7.25300972E-01  7.05992971E-01  6.84091201E-01
  6.58481261E-01  6.27925326E-01  5.91958468E-01  5.50739339E-01  5.04279738E-01
  4.53093581E-01  3.97710874E-01  3.38690639E-01  2.76373725E-01  2.11305627E-01
  1.43343580E-01  7.28465986E-02  0.00000000E+00  7.75549087E-01  7.60280529E-01
  7.42799100E-01  7.22688578E-01  6.99017029E-01  6.70400226E-01  6.36714754E-01
  5.97924576E-01  5.54069194E-01  5.05677426E-01  4.53027678E-01  3.96833919E-01
  3.37288293E-01  2.74999716E-01  2.09812715E-01  1.42131344E-01  7.20691045E-02
  0.00000000E+00  8.07033804E-01  7.93508202E-01  7.77698305E-01  7.59269527E-01
  7.37272192E-01  7.10541367E-01  6.78896598E-01  6.42424339E-01  6.01038383E-01
  5.55286524E-01  5.05291604E-01  4.51800843E-01  3.94965579E-01  3.35237371E-01
  2.72619536E-01  2.07590845E-01  1.40347025E-01  7.10695340E-02  0.00000000E+00
  8.36744908E-01  8.24953264E-01  8.10667133E-01  7.93784370E-01  7.73323092E-01
  7.48310867E-01  7.18561382E-01  6.84218599E-01  6.45191364E-01  6.01887068E-01
  5.54527050E-01  5.03632387E-01  4.49444945E-01  3.92291798E-01  3.32053444E-01
  2.69482680E-01  2.04856944E-01  1.38413579E-01  7.01091154E-02  0.00000000E+00
  8.64556726E-01  8.54362012E-01  8.41554625E-01  8.26013479E-01  8.06994073E-01
  7.83550091E-01  7.55611900E-01  7.23286019E-01  6.86451131E-01  6.45413528E-01
  6.00527076E-01  5.52139467E-01  5.00528018E-01  4.45913107E-01  3.88251665E-01
  3.28240076E-01  2.66078982E-01  2.02243527E-01  1.36530533E-01  6.91612368E-02
  0.00000000E+00  8.90358840E-01  8.81618285E-01  8.70156018E-01  8.55867422E-01
  8.38108542E-01  8.16155367E-01  7.89821052E-01  7.59465705E-01  7.24685105E-01
  6.85912417E-01  6.43465297E-01  5.97452004E-01  5.48415224E-01  4.96323585E-01
  4.41123950E-01  3.83649866E-01  3.23986049E-01  2.62620200E-01  1.99403277E-01
  1.34453345E-01  6.79676813E-02  0.00000000E+00  9.13930610E-01  9.06595045E-01
  8.96299856E-01  8.83146582E-01  8.66611869E-01  8.45991291E-01  8.21230022E-01
  7.92652397E-01  7.59883994E-01  7.23218023E-01  6.83044459E-01  6.39365569E-01
  5.92799542E-01  5.43165253E-01  4.90512661E-01  4.35607132E-01  3.78531151E-01
  3.19514437E-01  2.58647504E-01  1.96072124E-01  1.32075197E-01  6.67559410E-02
  0.00000000E+00  9.35184514E-01  9.29078243E-01  9.19935528E-01  9.07846902E-01
  8.92409633E-01  8.73085167E-01  8.49792196E-01  8.22886615E-01  7.91947147E-01
  7.57323148E-01  7.19272879E-01  6.77854141E-01  6.33620739E-01  5.86340443E-01
  5.36166907E-01  4.83659984E-01  4.28945287E-01  3.72290250E-01  3.13778963E-01
  2.53594969E-01  1.92118453E-01  1.29404238E-01  6.54051494E-02  0.00000000E+00
  9.53902839E-01  9.48901035E-01  9.40799940E-01  9.29714084E-01  9.15291256E-01
  8.97165107E-01  8.75321310E-01  8.49979562E-01  8.20862151E-01  7.88147886E-01
  7.52153948E-01  7.12843100E-01  6.70751612E-01  6.25793078E-01  5.77989264E-01
  5.27890589E-01  4.75565244E-01  4.21257045E-01  3.65258836E-01  3.07467487E-01
  2.48316807E-01  1.87949341E-01  1.26509984E-01  6.38735182E-02  0.00000000E+00
  9.69863762E-01  9.65848271E-01  9.58665934E-01  9.48471862E-01  9.34990334E-01
  9.18012069E-01  8.97432195E-01  8.73572567E-01  8.46108476E-01  8.15259543E-01
  7.81240255E-01  7.44115018E-01  7.04187116E-01  6.61485893E-01  6.16153003E-01
  5.68441652E-01  5.18574026E-01  4.66644497E-01  4.12958442E-01  3.57554707E-01
  3.00645891E-01  2.42492341E-01  1.83498137E-01  1.23404518E-01  6.22762607E-02
  0.00000000E+00  9.82769457E-01  9.79616555E-01  9.73260818E-01  9.63891516E-01
  9.51331643E-01  9.35435107E-01  9.16132201E-01  8.93664222E-01  8.67811779E-01
  8.38720454E-01  8.06578667E-01  7.71533785E-01  7.33743744E-01  6.93276267E-01
  6.50235606E-01  6.04844165E-01  5.57322966E-01  5.07743797E-01  4.56372793E-01
  4.03272531E-01  3.48722582E-01  2.92927322E-01  2.36257553E-01  1.78631707E-01
  1.19977621E-01  6.04817125E-02  0.00000000E+00  9.92265472E-01  9.89860130E-01
  9.84198117E-01  9.75554495E-01  9.63821203E-01  9.48920926E-01  9.30839287E-01
  9.09699688E-01  8.85375762E-01  8.57996876E-01  8.27772527E-01  7.94740515E-01
  7.59051552E-01  7.20803704E-01  6.80094669E-01  6.37119531E-01  5.92034389E-01
  5.44929738E-01  4.96013347E-01  4.45349020E-01  3.93147806E-01  3.39766514E-01
  2.85451739E-01  2.30150232E-01  1.73953261E-01  1.17091266E-01  5.92780367E-02
  0.00000000E+00  9.98042432E-01  9.96147272E-01  9.91024273E-01  9.82961116E-01
  9.71954679E-01  9.57959898E-01  9.40995358E-01  9.21118900E-01  8.98296218E-01
  8.72606450E-01  8.44208505E-01  8.13210539E-01  7.79675767E-01  7.43738291E-01
  7.05473743E-01  6.65001881E-01  6.22484495E-01  5.78009632E-01  5.31711352E-01
  4.83687308E-01  4.34067886E-01  3.83181448E-01  3.31393998E-01  2.78560907E-01
  2.24905091E-01  1.70613106E-01  1.15524769E-01  5.90324246E-02  0.00000000E+00
  1.00000000E+00  9.98294885E-01  9.93429950E-01  9.85750415E-01  9.75334124E-01
  9.62201004E-01  9.46299096E-01  9.27680545E-01  9.06352335E-01  8.82305059E-01
  8.55746270E-01  8.26692806E-01  7.95293235E-01  7.61661830E-01  7.25830183E-01
  6.87880666E-01  6.47940304E-01  6.06174124E-01  5.62618968E-01  5.17375301E-01
  4.70642901E-01  4.22524602E-01  3.73384940E-01  3.23281043E-01  2.72345818E-01
  2.20730229E-01  1.68239340E-01  1.14469240E-01  5.83886271E-02  0.00000000E+00
  0.00000000E+00  0.00000000E+00  6.02096480E-02  0.00000000E+00  6.20587273E-02
  1.18589444E-01  0.00000000E+00  6.36746314E-02  1.22048199E-01  1.75047326E-01
  0.00000000E+00  6.53953292E-02  1.25409649E-01  1.80032271E-01  2.29512148E-01
  0.00000000E+00  6.75457665E-02  1.29084670E-01  1.84975079E-01  2.35727213E-01
  2.81577865E-01  0.00000000E+00  6.95530795E-02  1.33345106E-01  1.90586501E-01
  2.42165138E-01  2.88956213E-01  3.31534255E-01  0.00000000E+00  7.11739537E-02
  1.37163900E-01  1.96804002E-01  2.49639352E-01  2.96938721E-01  3.40047648E-01
  3.79536413E-01  0.00000000E+00  7.23910107E-02  1.40071116E-01  2.02157097E-01
  2.57606579E-01  3.06177869E-01  3.49547135E-01  3.89247040E-01  4.25769421E-01
  0.00000000E+00  7.33764847E-02  1.42333392E-01  2.06327342E-01  2.64541454E-01
  3.15722585E-01  3.60273352E-01  4.00129732E-01  4.36704895E-01  4.70300204E-01
  0.00000000E+00  7.39884107E-02  1.44043678E-01  2.09536413E-01  2.69828103E-01
  3.24002260E-01  3.71250268E-01  4.12219269E-01  4.48816107E-01  4.82477364E-01
  5.13418851E-01  0.00000000E+00  7.42365015E-02  1.45003912E-01  2.11669071E-01
  2.73690776E-01  3.30315786E-01  3.80721337E-01  4.24379896E-01  4.62158945E-01
  4.95829609E-01  5.26751855E-01  5.55126497E-01  0.00000000E+00  7.42652584E-02
  1.45327308E-01  2.12806292E-01  2.76187293E-01  3.34826412E-01  3.87949115E-01
  4.34883993E-01  4.75366060E-01  5.10261518E-01  5.41146748E-01  5.69493568E-01
  5.95461475E-01  0.00000000E+00  7.40962840E-02  1.45349549E-01  2.13125549E-01
  2.77391318E-01  3.37633317E-01  3.93044361E-01  4.42816149E-01  4.86634326E-01
  5.24281706E-01  5.56520852E-01  5.84875258E-01  6.10765436E-01  6.34440043E-01
  0.00000000E+00  7.41175540E-02  1.45095169E-01  2.13165160E-01  2.77799830E-01
  3.38988450E-01  3.96137682E-01  4.48394407E-01  4.95083259E-01  5.35980775E-01
  5.71033215E-01  6.00912604E-01  6.26889258E-01  6.50502340E-01  6.71862694E-01
  0.00000000E+00  7.34656921E-02  1.44513240E-01  2.12527954E-01  2.77652187E-01
  3.39378897E-01  3.97637449E-01  4.51691104E-01  5.00913767E-01  5.44743729E-01
  5.83050732E-01  6.15765699E-01  6.43436028E-01  6.67355897E-01  6.88685907E-01
  7.07863372E-01  0.00000000E+00  7.27525765E-02  1.43284519E-01  2.11292243E-01
  2.76358578E-01  3.38736010E-01  3.97676312E-01  4.53091248E-01  5.04338206E-01
  5.50779641E-01  5.91951993E-01  6.27918865E-01  6.58465970E-01  6.84094120E-01
  7.05994626E-01  7.25275462E-01  7.42466141E-01  0.00000000E+00  7.20779516E-02
  1.42008537E-01  2.09751001E-01  2.74904780E-01  3.37268694E-01  3.96849994E-01
  4.53030552E-01  5.05690091E-01  5.54144570E-01  5.97970351E-01  6.36674609E-01
  6.70394105E-01  6.98966342E-01  7.22684283E-01  7.42797732E-01  7.60265512E-01
  7.75555501E-01  0.00000000E+00  7.10361580E-02  1.40456336E-01  2.07580061E-01
  2.72739714E-01  3.35251224E-01  3.94986136E-01  4.51792148E-01  5.05312660E-01
  5.55299039E-01  6.01107205E-01  6.42450900E-01  6.78889550E-01  7.10575334E-01
  7.37279250E-01  7.59295168E-01  7.77692745E-01  7.93518759E-01  8.07032212E-01
  0.00000000E+00  7.00856127E-02  1.38356660E-01  2.04946795E-01  2.69462266E-01
  3.32081859E-01  3.92238132E-01  4.49409540E-01  5.03553911E-01  5.54456143E-01
  6.01853192E-01  6.45200712E-01  6.84211935E-01  7.18530005E-01  7.48303740E-01
  7.73346602E-01  7.93794375E-01  8.10676324E-01  8.24946708E-01  8.36744401E-01
  0.00000000E+00  6.91434158E-02  1.36513872E-01  2.02189360E-01  2.66129988E-01
  3.28157130E-01  3.88255800E-01  4.45865523E-01  5.00559968E-01  5.52169373E-01
  6.00550153E-01  6.45479247E-01  6.86498916E-01  7.23296869E-01  7.55579945E-01
  7.83512759E-01  8.06999192E-01  8.26040718E-01  8.41554773E-01  8.54358231E-01
  8.64535544E-01  0.00000000E+00  6.79218776E-02  1.34366098E-01  1.99312276E-01
  2.62529088E-01  3.24109540E-01  3.83661042E-01  4.41153804E-01  4.96240966E-01
  5.48389471E-01  5.97414308E-01  6.43398243E-01  6.85913967E-01  7.24679546E-01
  7.59467389E-01  7.89832183E-01  8.16143440E-01  8.38124954E-01  8.55871010E-01
  8.70136221E-01  8.81605934E-01  8.90337721E-01  0.00000000E+00  6.68234233E-02
  1.32112785E-01  1.96022338E-01  2.58520307E-01  3.19410432E-01  3.78570516E-01
  4.35622087E-01  4.90542855E-01  5.43121840E-01  5.92810527E-01  6.39402740E-01
  6.83013180E-01  7.23210311E-01  7.59897548E-01  7.92669265E-01  8.21218838E-01
  8.45993196E-01  8.66599073E-01  8.83164752E-01  8.96295591E-01  9.06582642E-01
  9.13945137E-01  0.00000000E+00  6.54058823E-02  1.29445239E-01  1.92120853E-01
  2.53613630E-01  3.13791681E-01  3.72357738E-01  4.29074707E-01  4.83774457E-01
  5.36255972E-01  5.86380019E-01  6.33669176E-01  6.77885375E-01  7.19298898E-01
  7.57344826E-01  7.91999147E-01  8.22953452E-01  8.49839924E-01  8.73130688E-01
  8.92433201E-01  9.07853296E-01  9.19916839E-01  9.29076265E-01  9.35198938E-01
  0.00000000E+00  6.38598681E-02  1.26492244E-01  1.87952886E-01  2.48286761E-01
  3.07458679E-01  3.65259632E-01  4.21320865E-01  4.75623490E-01  5.27965459E-01
  5.78059988E-01  6.25875267E-01  6.70863762E-01  7.12906620E-01  7.52170565E-01
  7.88158205E-01  8.20891342E-01  8.50008363E-01  8.75352172E-01  8.97190595E-01
  9.15279683E-01  9.29709457E-01  9.40783511E-01  9.48905223E-01  9.53902021E-01
  0.00000000E+00  6.22508705E-02  1.23380567E-01  1.83493468E-01  2.42541344E-01
  3.00618104E-01  3.57532125E-01  4.12930817E-01  4.66665893E-01  5.18602772E-01
  5.68516114E-01  6.16216833E-01  6.61597942E-01  7.04302128E-01  7.44182897E-01
  7.81261501E-01  8.15249394E-01  8.46115042E-01  8.73567661E-01  8.97453206E-01
  9.18010526E-01  9.34970763E-01  9.48471537E-01  9.58651310E-01  9.65850312E-01
  9.69855661E-01  0.00000000E+00  6.04868298E-02  1.19959188E-01  1.78630238E-01
  2.36258707E-01  2.92974127E-01  3.48735221E-01  4.03247553E-01  4.56360979E-01
  5.07752027E-01  5.57377243E-01  6.04905089E-01  6.50229234E-01  6.93281975E-01
  7.33759985E-01  7.71566370E-01  8.06606070E-01  8.38722290E-01  8.67805959E-01
  8.93660529E-01  9.16149071E-01  9.35436351E-01  9.51316578E-01  9.63885885E-01
  9.73253324E-01  9.79621110E-01  9.82763627E-01  0.00000000E+00  5.93581751E-02
  1.17124639E-01  1.73923929E-01  2.30144131E-01  2.85474979E-01  3.39780846E-01
  3.93113842E-01  4.45303437E-01  4.95974403E-01  5.44899398E-01  5.92012924E-01
  6.37122061E-01  6.80110371E-01  7.20823576E-01  7.59049322E-01  7.94719259E-01
  8.27751374E-01  8.57972201E-01  8.85358448E-01  9.09688476E-01  9.30847639E-01
  9.48915326E-01  9.63810712E-01  9.75551624E-01  9.84199505E-01  9.89854538E-01
  9.92266061E-01  0.00000000E+00  5.89986607E-02  1.15507588E-01  1.70620638E-01
  2.24904431E-01  2.78596325E-01  3.31408895E-01  3.83239948E-01  4.34086764E-01
  4.83658589E-01  5.31673157E-01  5.77960338E-01  6.22452548E-01  6.64977802E-01
  7.05449637E-01  7.43719247E-01  7.79649434E-01  8.13174057E-01  8.44183873E-01
  8.72590311E-01  8.98308080E-01  9.21140943E-01  9.41001615E-01  9.57965655E-01
  9.71952624E-01  9.82962250E-01  9.91020865E-01  9.96145727E-01  9.98042884E-01
  0.00000000E+00  5.83843664E-02  1.14444585E-01  1.68217035E-01  2.20735644E-01
  2.72342415E-01  3.23294108E-01  3.73376140E-01  4.22523494E-01  4.70678322E-01
  5.17395986E-01  5.62653745E-01  6.06225074E-01  6.47974791E-01  6.87873966E-01
  7.25823833E-01  7.61691169E-01  7.95332070E-01  8.26716476E-01  8.55758776E-01
  8.82323953E-01  9.06351819E-01  9.27677004E-01  9.46303562E-01  9.62200039E-01
  9.75335348E-01  9.85746611E-01  9.93427112E-01  9.98294635E-01  1.00000000E+00
  1.00000000E+00  9.98184214E-01  9.98189923E-01  9.92965110E-01  9.96157876E-01
  9.92964904E-01  9.84579494E-01  9.90497118E-01  9.90483364E-01  9.84578619E-01
  9.73317703E-01  9.81505135E-01  9.84150158E-01  9.81487914E-01  9.73317477E-01
  9.59544050E-01  9.69487006E-01  9.74223856E-01  9.74233386E-01  9.69477294E-01
  9.59548757E-01  9.43459797E-01  9.54824993E-01  9.61021258E-01  9.63000006E-01
  9.61034619E-01  9.54820457E-01  9.43453336E-01  9.25196774E-01  9.37729198E-01
  9.44993737E-01  9.48132789E-01  9.48136511E-01  9.45005803E-01  9.37720305E-01
  9.25186472E-01  9.04840548E-01  9.18301342E-01  9.26386818E-01  9.30261138E-01
  9.31284017E-01  9.30275171E-01  9.26398976E-01  9.18294203E-01  9.04839884E-01
  8.82507697E-01  8.96622182E-01  9.05337774E-01  9.09742350E-01  9.11239167E-01
  9.11249371E-01  9.09750758E-01  9.05346486E-01  8.96617254E-01  8.82513243E-01
  8.58150181E-01  8.72784798E-01  8.81939279E-01  8.86673714E-01  8.88492139E-01
  8.88852118E-01  8.88479429E-01  8.86676756E-01  8.81949342E-01  8.72789388E-01
  8.58143340E-01  8.31763837E-01  8.46799653E-01  8.56238448E-01  8.61188208E-01
  8.63144879E-01  8.63686714E-01  8.63682611E-01  8.63144788E-01  8.61173533E-01
  8.56240658E-01  8.46784719E-01  8.31769951E-01  8.03392298E-01  8.18645349E-01
  8.28253854E-01  8.33294419E-01  8.35329327E-01  8.35923199E-01  8.36070634E-01
  8.35934859E-01  8.35320052E-01  8.33287523E-01  8.28288544E-01  8.18647411E-01
  8.03387471E-01  7.72977223E-01  7.88357163E-01  7.97972644E-01  8.03063195E-01
  8.05129388E-01  8.05749550E-01  8.05896644E-01  8.05894751E-01  8.05757800E-01
  8.05113821E-01  8.03049350E-01  7.98015779E-01  7.88351811E-01  7.72975472E-01
  7.40672835E-01  7.55876374E-01  7.65454174E-01  7.70381130E-01  7.72507890E-01
  7.73214315E-01  7.73322217E-01  7.73279136E-01  7.73332222E-01  7.73205978E-01
  7.72502082E-01  7.70381394E-01  7.65490386E-01  7.55890538E-01  7.40679241E-01
  7.06356634E-01  7.21342432E-01  7.30595468E-01  7.35450571E-01  7.37391789E-01
  7.38200901E-01  7.38368344E-01  7.38329974E-01  7.38315062E-01  7.38374510E-01
  7.38175851E-01  7.37409540E-01  7.35435062E-01  7.30597574E-01  7.21343002E-01
  7.06353534E-01  6.69887792E-01  6.84593059E-01  6.93587885E-01  6.98136197E-01
  7.00034724E-01  7.00705398E-01  7.01040835E-01  7.01009377E-01  7.00973732E-01
  7.00976204E-01  7.01026699E-01  7.00733120E-01  7.00043122E-01  6.98129285E-01
  6.93574031E-01  6.84610105E-01  6.69888561E-01  6.31293146E-01  6.45601046E-01
  6.54296511E-01  6.58594303E-01  6.60169730E-01  6.60934681E-01  6.61154446E-01
  6.61263985E-01  6.61290781E-01  6.61237303E-01  6.61224560E-01  6.61202752E-01
  6.60930893E-01  6.60183875E-01  6.58579345E-01  6.54271355E-01  6.45619715E-01
  6.31285272E-01  5.90511968E-01  6.04418056E-01  6.12762501E-01  6.16799493E-01
  6.18113077E-01  6.18675077E-01  6.18955706E-01  6.19028191E-01  6.19219350E-01
  6.19128880E-01  6.19169726E-01  6.18994276E-01  6.18976560E-01  6.18643564E-01
  6.18157660E-01  6.16764315E-01  6.12794635E-01  6.04400264E-01  5.90514140E-01
  5.47600356E-01  5.60859803E-01  5.68944294E-01  5.72647822E-01  5.73919265E-01
  5.74259665E-01  5.74317311E-01  5.74367145E-01  5.74615760E-01  5.74744889E-01
  5.74711954E-01  5.74536482E-01  5.74347382E-01  5.74319912E-01  5.74285402E-01
  5.73877978E-01  5.72666037E-01  5.68917328E-01  5.60866537E-01  5.47601130E-01
  5.02543899E-01  5.15082622E-01  5.22659074E-01  5.26160735E-01  5.27217899E-01
  5.27622351E-01  5.27571118E-01  5.27336909E-01  5.27491739E-01  5.27800438E-01
  5.27948771E-01  5.27751351E-01  5.27459864E-01  5.27281793E-01  5.27619939E-01
  5.27626175E-01  5.27235812E-01  5.26097193E-01  5.22654470E-01  5.15086474E-01
  5.02580336E-01  4.55268911E-01  4.67078956E-01  4.74128851E-01  4.77274181E-01
  4.78201666E-01  4.78401428E-01  4.78551518E-01  4.78141513E-01  4.78121666E-01
  4.78348599E-01  4.78615400E-01  4.78658494E-01  4.78316847E-01  4.78044334E-01
  4.78166382E-01  4.78542106E-01  4.78505438E-01  4.78122842E-01  4.77229690E-01
  4.74140456E-01  4.67095612E-01  4.55310205E-01  4.05881243E-01  4.16710862E-01
  4.23340819E-01  4.26207822E-01  4.26820523E-01  4.26967264E-01  4.26954878E-01
  4.26567951E-01  4.26577989E-01  4.26613422E-01  4.26673911E-01  4.27083567E-01
  4.26739237E-01  4.26571224E-01  4.26588563E-01  4.26551880E-01  4.27011297E-01
  4.26885683E-01  4.26769487E-01  4.26147282E-01  4.23361592E-01  4.16748689E-01
  4.05848532E-01  3.54173393E-01  3.64092044E-01  3.70118447E-01  3.72732027E-01
  3.73243031E-01  3.73205121E-01  3.73132023E-01  3.72527735E-01  3.72567427E-01
  3.72713863E-01  3.72598067E-01  3.72829044E-01  3.72854573E-01  3.72610115E-01
  3.72797939E-01  3.72605510E-01  3.72529131E-01  3.73090669E-01  3.73109321E-01
  3.73199394E-01  3.72717698E-01  3.70179194E-01  3.64097224E-01  3.54135298E-01
  3.00128782E-01  3.09085359E-01  3.14514630E-01  3.16748082E-01  3.17205147E-01
  3.17155023E-01  3.16892496E-01  3.16300857E-01  3.16212578E-01  3.16382844E-01
  3.16439150E-01  3.16476757E-01  3.16317307E-01  3.16496204E-01  3.16528832E-01
  3.16482048E-01  3.16224398E-01  3.16308459E-01  3.16808168E-01  3.17074355E-01
  3.17215062E-01  3.16763663E-01  3.14556723E-01  3.09069705E-01  3.00131384E-01
  2.43663801E-01  2.51562352E-01  2.56435543E-01  2.58363431E-01  2.58819090E-01
  2.58655287E-01  2.58468343E-01  2.57640368E-01  2.57571101E-01  2.57725190E-01
  2.57822304E-01  2.58048325E-01  2.57735855E-01  2.57709195E-01  2.58004996E-01
  2.57922090E-01  2.57815112E-01  2.57588286E-01  2.57612722E-01  2.58364124E-01
  2.58628461E-01  2.58935738E-01  2.58361384E-01  2.56478718E-01  2.51548236E-01
  2.43696053E-01  1.84851906E-01  1.91595680E-01  1.95937216E-01  1.97537128E-01
  1.97903785E-01  1.97846084E-01  1.97739106E-01  1.96903440E-01  1.96602936E-01
  1.96853288E-01  1.96917746E-01  1.97079745E-01  1.97070900E-01  1.96832232E-01
  1.96989396E-01  1.97139156E-01  1.96959113E-01  1.96866688E-01  1.96601189E-01
  1.96869048E-01  1.97683250E-01  1.97909503E-01  1.97977504E-01  1.97563344E-01
  1.95963184E-01  1.91573960E-01  1.84882907E-01  1.24149516E-01  1.29091302E-01
  1.32845555E-01  1.34370119E-01  1.34510988E-01  1.34401348E-01  1.34527680E-01
  1.33858829E-01  1.33508472E-01  1.33642703E-01  1.33741704E-01  1.33857528E-01
  1.33886951E-01  1.33796047E-01  1.33768797E-01  1.33911632E-01  1.33888786E-01
  1.33749013E-01  1.33656594E-01  1.33471265E-01  1.33835274E-01  1.34506077E-01
  1.34490184E-01  1.34575708E-01  1.34352815E-01  1.32864496E-01  1.29170871E-01
  1.24144838E-01  6.25641630E-02  6.49148986E-02  6.73406796E-02  6.84146428E-02
  6.87428286E-02  6.85606966E-02  6.85560167E-02  6.83434838E-02  6.80860984E-02
  6.80821641E-02  6.81063546E-02  6.82140185E-02  6.82729284E-02  6.82678739E-02
  6.81920941E-02  6.82407888E-02  6.82823792E-02  6.82312564E-02  6.81135219E-02
  6.80849988E-02  6.80499715E-02  6.83744333E-02  6.85421736E-02  6.86241288E-02
  6.87699825E-02  6.84173924E-02  6.73615391E-02  6.49078802E-02  6.25569706E-02
  0.00000000E+00  0.00000000E+00  0.00000000E+00  0.00000000E+00  0.00000000E+00
  0.00000000E+00  0.00000000E+00  0.00000000E+00  0.00000000E+00  0.00000000E+00
  0.00000000E+00  0.00000000E+00  0.00000000E+00  0.00000000E+00  0.00000000E+00
  0.00000000E+00  0.00000000E+00  0.00000000E+00  0.00000000E+00  0.00000000E+00
  0.00000000E+00  0.00000000E+00  0.00000000E+00  0.00000000E+00  0.00000000E+00
  0.00000000E+00  0.00000000E+00  0.00000000E+00  0.00000000E+00  0.00000000E+00
  1.81983876E-03  1.81927151E-03  1.92476706E-03  1.81813684E-03  1.82061679E-03
  1.92104397E-03  1.81712051E-03  1.92025027E-03  1.82171351E-03  1.82223909E-03
  1.91886426E-03  1.81858762E-03  1.92037212E-03  1.81776336E-03  1.91983002E-03
  1.82378637E-03  1.82309851E-03  1.92225394E-03  1.81931015E-03  1.92537603E-03
  1.81402035E-03  1.92319050E-03  1.81744887E-03  1.92133025E-03  1.82254488E-03
  1.82773613E-03  1.91689360E-03  1.82003634E-03  1.92648282E-03  1.81294729E-03
  1.92995178E-03  1.81261060E-03  1.92711596E-03  1.81943835E-03  1.91602773E-03
  1.82904928E-03  1.83130363E-03  1.91335044E-03  1.82413803E-03  1.92228246E-03
  1.81589604E-03  1.93139911E-03  1.81461430E-03  1.93079927E-03  1.81712254E-03
  1.92272850E-03  1.82382802E-03  1.91366860E-03  1.83144989E-03  1.83310937E-03
  1.91240552E-03  1.82682685E-03  1.91825030E-03  1.82147279E-03  1.92417932E-03
  1.81787738E-03  1.92576740E-03  1.81769294E-03  1.92435400E-03  1.82179205E-03
  1.91798275E-03  1.82633148E-03  1.91206359E-03  1.83218015E-03  1.83200143E-03
  1.91248941E-03  1.82990496E-03  1.91362694E-03  1.82528822E-03  1.91676974E-03
  1.82310482E-03  1.92319925E-03  1.81818658E-03  1.92309735E-03  1.82232277E-03
  1.91760653E-03  1.82616238E-03  1.91390073E-03  1.82972696E-03  1.91226071E-03
  1.83157221E-03  1.83529318E-03  1.90974114E-03  1.83149634E-03  1.90895399E-03
  1.82853947E-03  1.91354781E-03  1.82711916E-03  1.91674897E-03  1.82125941E-03
  1.91763025E-03  1.82394692E-03  1.91697579E-03  1.82722438E-03  1.91432600E-03
  1.82823679E-03  1.90892007E-03  1.83070120E-03  1.90894275E-03  1.83611274E-03
  1.83650280E-03  1.90705989E-03  1.83236664E-03  1.90802523E-03  1.83119538E-03
  1.90755917E-03  1.82956609E-03  1.91089407E-03  1.82841482E-03  1.91263390E-03
  1.82687933E-03  1.91391257E-03  1.82832129E-03  1.90955525E-03  1.83019734E-03
  1.90870792E-03  1.83233355E-03  1.90870353E-03  1.83378756E-03  1.90838028E-03
  1.83554979E-03  1.83460116E-03  1.90577008E-03  1.83273654E-03  1.90668329E-03
  1.83381784E-03  1.90719952E-03  1.83583032E-03  1.90679477E-03  1.83395479E-03
  1.90905858E-03  1.83312212E-03  1.91030581E-03  1.83193802E-03  1.90895111E-03
  1.83426089E-03  1.90666894E-03  1.83552055E-03  1.90708273E-03  1.83176903E-03
  1.90465657E-03  1.83169937E-03  1.90457428E-03  1.83535374E-03  1.83572663E-03
  1.90279626E-03  1.83428684E-03  1.90566137E-03  1.83345108E-03  1.90429651E-03
  1.83597657E-03  1.90345450E-03  1.83847036E-03  1.90322452E-03  1.83654319E-03
  1.90655963E-03  1.83368784E-03  1.90648292E-03  1.83759766E-03  1.90318958E-03
  1.83759164E-03  1.90409495E-03  1.83628044E-03  1.90457149E-03  1.83339270E-03
  1.90513868E-03  1.83391302E-03  1.90328501E-03  1.83553915E-03  1.83623713E-03
  1.90724907E-03  1.83538758E-03  1.90483164E-03  1.83592431E-03  1.90487014E-03
  1.83900122E-03  1.90211244E-03  1.83949483E-03  1.90089105E-03  1.83850054E-03
  1.90409272E-03  1.83859255E-03  1.90367546E-03  1.83794348E-03  1.90430395E-03
  1.83788164E-03  1.90061986E-03  1.83781535E-03  1.90149025E-03  1.83877597E-03
  1.90451923E-03  1.83618448E-03  1.90483472E-03  1.83376778E-03  1.90666832E-03
  1.83703108E-03  1.83050358E-03  1.90355994E-03  1.83403662E-03  1.90272953E-03
  1.83974726E-03  1.90011414E-03  1.84031526E-03  1.90017477E-03  1.84263254E-03
  1.89943006E-03  1.84216500E-03  1.90223461E-03  1.83917481E-03  1.90092854E-03
  1.83766662E-03  1.90170047E-03  1.83981725E-03  1.90078362E-03  1.84185185E-03
  1.89907537E-03  1.84152030E-03  1.89950388E-03  1.84196520E-03  1.90027563E-03
  1.83996399E-03  1.90357538E-03  1.83422560E-03  1.90526231E-03  1.83133297E-03
  1.83261660E-03  1.90154241E-03  1.83496751E-03  1.90237194E-03  1.83793315E-03
  1.89976225E-03  1.83969596E-03  1.89649183E-03  1.84322764E-03  1.89659969E-03
  1.84298069E-03  1.89570250E-03  1.84055700E-03  1.89732283E-03  1.84245199E-03
  1.89793558E-03  1.84104972E-03  1.89857069E-03  1.84054483E-03  1.89549778E-03
  1.84285389E-03  1.89407873E-03  1.84195890E-03  1.89804307E-03  1.83943832E-03
  1.89780439E-03  1.83773368E-03  1.90324170E-03  1.83389429E-03  1.90181583E-03
  1.83479542E-03  1.83572555E-03  1.90251988E-03  1.83796189E-03  1.90105901E-03
  1.84287517E-03  1.89925983E-03  1.84204360E-03  1.89799891E-03  1.84583333E-03
  1.89634352E-03  1.84246761E-03  1.89641375E-03  1.84392620E-03  1.89772458E-03
  1.84481529E-03  1.89852567E-03  1.84208037E-03  1.89863129E-03  1.84460630E-03
  1.89680580E-03  1.84155770E-03  1.89611819E-03  1.84285133E-03  1.89597985E-03
  1.84356146E-03  1.89787029E-03  1.84344706E-03  1.89846863E-03  1.84198086E-03
  1.90100908E-03  1.84073642E-03  1.90403818E-03  1.83590359E-03  1.83361251E-03
  1.90078129E-03  1.84047205E-03  1.89771121E-03  1.83862106E-03  1.89739783E-03
  1.84774011E-03  1.89519637E-03  1.84431411E-03  1.89408353E-03  1.84488017E-03
  1.89476267E-03  1.84145606E-03  1.89417715E-03  1.84413856E-03  1.89639669E-03
  1.84484084E-03  1.89849883E-03  1.84474168E-03  1.89565588E-03  1.84277976E-03
  1.89432334E-03  1.84375574E-03  1.89488293E-03  1.84571244E-03  1.89306321E-03
  1.84602834E-03  1.89478223E-03  1.84463249E-03  1.89646646E-03  1.83864477E-03
  1.89761109E-03  1.83852758E-03  1.90257631E-03  1.83401943E-03  1.83264687E-03
  1.90348257E-03  1.83874977E-03  1.90083748E-03  1.84089453E-03  1.89494161E-03
  1.84354017E-03  1.89409593E-03  1.84522996E-03  1.88959266E-03  1.84796829E-03
  1.89216921E-03  1.84513780E-03  1.89421306E-03  1.84345306E-03  1.89476213E-03
  1.84494859E-03  1.89422139E-03  1.84338070E-03  1.89582326E-03  1.84585875E-03
  1.89477684E-03  1.84449131E-03  1.89460282E-03  1.84547303E-03  1.89262793E-03
  1.84814544E-03  1.89047099E-03  1.84733597E-03  1.89378313E-03  1.84437783E-03
  1.89592635E-03  1.83975070E-03  1.90015914E-03  1.83857945E-03  1.90323342E-03
  1.83332545E-03  1.83413600E-03  1.90283317E-03  1.83829090E-03  1.90006717E-03
  1.84489926E-03  1.89830298E-03  1.84483584E-03  1.89445148E-03  1.84618443E-03
  1.89354602E-03  1.84602772E-03  1.89274996E-03  1.84586401E-03  1.89290750E-03
  1.84779632E-03  1.89570692E-03  1.84834333E-03  1.89337762E-03  1.84531013E-03
  1.89432302E-03  1.84590634E-03  1.89374866E-03  1.84637163E-03  1.89542803E-03
  1.84639112E-03  1.89377013E-03  1.84605767E-03  1.89362268E-03  1.84421807E-03
  1.89279080E-03  1.84778826E-03  1.89535670E-03  1.84504424E-03  1.89756835E-03
  1.84501555E-03  1.89993424E-03  1.83836218E-03  1.90356022E-03  1.83318175E-03
  1.83261052E-03  1.90304710E-03  1.83819360E-03  1.89727840E-03  1.84617349E-03
  1.89652448E-03  1.84745170E-03  1.89346461E-03  1.84833507E-03  1.89540218E-03
  1.84814043E-03  1.89196624E-03  1.84302380E-03  1.89532003E-03  1.84792255E-03
  1.89392476E-03  1.84582649E-03  1.89479313E-03  1.84405621E-03  1.89483528E-03
  1.84918180E-03  1.89329758E-03  1.84364487E-03  1.89409165E-03  1.84541325E-03
  1.89272773E-03  1.84901853E-03  1.89429579E-03  1.84451106E-03  1.89140501E-03
  1.84808828E-03  1.89580451E-03  1.84515137E-03  1.89389733E-03  1.84681385E-03
  1.89697167E-03  1.84593938E-03  1.89690567E-03  1.83901136E-03  1.90325459E-03
  1.83370626E-03  1.83194706E-03  1.90566529E-03  1.84073946E-03  1.89809256E-03
  1.84246608E-03  1.89494509E-03  1.84540167E-03  1.89404145E-03  1.84864366E-03
  1.89323256E-03  1.84659701E-03  1.89255156E-03  1.84638690E-03  1.89530401E-03
  1.84458026E-03  1.89414007E-03  1.84691741E-03  1.89307864E-03  1.84739263E-03
  1.89595846E-03  1.84790985E-03  1.89259935E-03  1.84635594E-03  1.89553783E-03
  1.84530013E-03  1.89126219E-03  1.84650378E-03  1.89517969E-03  1.84540974E-03
  1.89604907E-03  1.84506378E-03  1.89402620E-03  1.84849456E-03  1.89290836E-03
  1.84704077E-03  1.89308062E-03  1.84820907E-03  1.89567835E-03  1.84453800E-03
  1.89853713E-03  1.84036593E-03  1.90550299E-03  1.83283996E-03  1.83173751E-03
  1.90698082E-03  1.83657035E-03  1.90038563E-03  1.84110315E-03  1.89601832E-03
  1.84584458E-03  1.89317918E-03  1.84626466E-03  1.89250571E-03  1.84719470E-03
  1.89191983E-03  1.84652665E-03  1.89399886E-03  1.84882507E-03  1.89342203E-03
  1.84694798E-03  1.89396635E-03  1.84806540E-03  1.89379837E-03  1.84677705E-03
  1.89346805E-03  1.84690491E-03  1.89171418E-03  1.84812804E-03  1.89321610E-03
  1.84582627E-03  1.89246022E-03  1.84653350E-03  1.89182369E-03  1.84838199E-03
  1.89449039E-03  1.84760510E-03  1.89030148E-03  1.84561960E-03  1.89239513E-03
  1.84625774E-03  1.89524454E-03  1.84375601E-03  1.89705339E-03  1.84099183E-03
  1.89986292E-03  1.83676874E-03  1.90656396E-03  1.83187804E-03  1.82962734E-03
  1.90747400E-03  1.83546216E-03  1.90110486E-03  1.84118039E-03  1.89772746E-03
  1.84781657E-03  1.89618247E-03  1.84739843E-03  1.89449949E-03  1.84606571E-03
  1.89629541E-03  1.84705078E-03  1.89365487E-03  1.84421819E-03  1.89377956E-03
  1.84842136E-03  1.89283741E-03  1.84761452E-03  1.89247754E-03  1.84837691E-03
  1.89187017E-03  1.84914009E-03  1.89149665E-03  1.84801907E-03  1.89156933E-03
  1.84571063E-03  1.89205185E-03  1.84729813E-03  1.89295406E-03  1.84816982E-03
  1.89486882E-03  1.84412115E-03  1.89104626E-03  1.84589341E-03  1.89564668E-03
  1.84520798E-03  1.89426087E-03  1.84526078E-03  1.89392738E-03  1.84787509E-03
  1.89803870E-03  1.84133283E-03  1.90066641E-03  1.83627480E-03  1.90821192E-03
  1.82862823E-03  1.82974720E-03  1.91081993E-03  1.83766055E-03  1.90323478E-03
  1.84285736E-03  1.89949842E-03  1.84489272E-03  1.89407589E-03  1.84583480E-03
  1.89639449E-03  1.84971879E-03  1.89301087E-03  1.84619776E-03  1.89562045E-03
  1.84767103E-03  1.89359230E-03  1.84634382E-03  1.89482228E-03  1.84713002E-03
  1.89376027E-03  1.84518777E-03  1.89469065E-03  1.84672862E-03  1.89359957E-03
  1.84562977E-03  1.89305367E-03  1.84641681E-03  1.89654102E-03  1.84619007E-03
  1.89360671E-03  1.84567167E-03  1.89402555E-03  1.84548148E-03  1.89352333E-03
  1.84687015E-03  1.89412153E-03  1.84658933E-03  1.89328483E-03  1.84814262E-03
  1.89425970E-03  1.84539923E-03  1.89172242E-03  1.84346816E-03  1.89948848E-03
  1.84234639E-03  1.90327792E-03  1.83754462E-03  1.91123853E-03  1.82954354E-03
  1.82434340E-03  1.91152159E-03  1.83435394E-03  1.90279404E-03  1.84221228E-03
  1.90152225E-03  1.84219472E-03  1.89721461E-03  1.84402338E-03  1.89565588E-03
  1.84416515E-03  1.89415422E-03  1.84578005E-03  1.89371125E-03  1.84502714E-03
  1.89531609E-03  1.84606249E-03  1.89209800E-03  1.84710030E-03  1.89367141E-03
  1.84445456E-03  1.89530257E-03  1.84728303E-03  1.89341052E-03  1.84362811E-03
  1.89409986E-03  1.84402420E-03  1.89270802E-03  1.84799330E-03  1.89338447E-03
  1.84577873E-03  1.89365363E-03  1.84749871E-03  1.89376895E-03  1.84583278E-03
  1.89392125E-03  1.84458684E-03  1.89370535E-03  1.84544613E-03  1.89281114E-03
  1.84306638E-03  1.89593561E-03  1.84391237E-03  1.89649127E-03  1.84112745E-03
  1.90014033E-03  1.84221592E-03  1.90320267E-03  1.83518849E-03  1.91246569E-03
  1.82424202E-03  1.82689201E-03  1.91553925E-03  1.83633958E-03  1.90764195E-03
  1.83621813E-03  1.90143527E-03  1.84083411E-03  1.89827280E-03  1.84411618E-03
  1.89936191E-03  1.84206176E-03  1.89640791E-03  1.84472262E-03  1.89571090E-03
  1.84434998E-03  1.89684337E-03  1.84200592E-03  1.89470335E-03  1.84279969E-03
  1.89788029E-03  1.84243698E-03  1.89572735E-03  1.84408935E-03  1.89546834E-03
  1.84518325E-03  1.89674788E-03  1.84105125E-03  1.89632651E-03  1.84198182E-03
  1.89616474E-03  1.84402978E-03  1.89610011E-03  1.84294887E-03  1.89690569E-03
  1.84256758E-03  1.89386147E-03  1.84250128E-03  1.89725018E-03  1.84455204E-03
  1.89656943E-03  1.84539511E-03  1.89705192E-03  1.84211437E-03  1.89711794E-03
  1.84333519E-03  1.89833834E-03  1.84114166E-03  1.90222168E-03  1.83847374E-03
  1.90844641E-03  1.83473261E-03  1.91205312E-03  1.82549492E-03  1.82818396E-03
  1.91687734E-03  1.83092811E-03  1.90955708E-03  1.83473198E-03  1.90445491E-03
  1.83774549E-03  1.90140572E-03  1.83705213E-03  1.90028126E-03  1.83777601E-03
  1.90080659E-03  1.84390582E-03  1.89728332E-03  1.83882864E-03  1.89977555E-03
  1.83759287E-03  1.90038782E-03  1.83954773E-03  1.89996646E-03  1.83822654E-03
  1.90101739E-03  1.83908337E-03  1.90048610E-03  1.83770055E-03  1.90026683E-03
  1.83688776E-03  1.90196773E-03  1.83662822E-03  1.90013827E-03  1.83822726E-03
  1.89999767E-03  1.83891091E-03  1.90092392E-03  1.83865288E-03  1.89973471E-03
  1.84023212E-03  1.90017221E-03  1.83905612E-03  1.90029299E-03  1.83909961E-03
  1.89747870E-03  1.84188709E-03  1.90133787E-03  1.83950579E-03  1.89993864E-03
  1.83675908E-03  1.90151689E-03  1.83740469E-03  1.90601034E-03  1.83390777E-03
  1.91118220E-03  1.83301734E-03  1.91714484E-03  1.82930640E-03  1.83084987E-03
  1.91920203E-03  1.83015878E-03  1.91309074E-03  1.83275583E-03  1.90808023E-03
  1.83538233E-03  1.90728590E-03  1.83416132E-03  1.90704155E-03  1.83348633E-03
  1.90577599E-03  1.83521456E-03  1.90250044E-03  1.83442701E-03  1.90349714E-03
  1.83597971E-03  1.90502936E-03  1.83290692E-03  1.90379026E-03  1.83495064E-03
  1.90334777E-03  1.83530384E-03  1.90567314E-03  1.83359946E-03  1.90495877E-03
  1.83401019E-03  1.90448797E-03  1.83340122E-03  1.90424396E-03  1.83514430E-03
  1.90428648E-03  1.83449635E-03  1.90533894E-03  1.83501606E-03  1.90426411E-03
  1.83453265E-03  1.90437772E-03  1.83352763E-03  1.90667909E-03  1.83359175E-03
  1.90432527E-03  1.83497843E-03  1.90150574E-03  1.83564329E-03  1.90642046E-03
  1.83459220E-03  1.90740715E-03  1.83520128E-03  1.90828116E-03  1.83449042E-03
  1.90733621E-03  1.83325151E-03  1.91312372E-03  1.83062825E-03  1.92006066E-03
  1.83077274E-03
   1   2   3
   2   4   5
   5   3   2
   3   5   6
   4   7   8
   8   5   4
   5   8   9
   9   6   5
   6   9  10
   7  11  12
  12   8   7
   8  12  13
  13   9   8
   9  13  14
  14  10   9
  10  14  15
  11  16  17
  17  12  11
  12  17  18
  18  13  12
  13  18  19
  19  14  13
  14  19  20
  20  15  14
  15  20  21
  16  22  23
  23  17  16
  17  23  24
  24  18  17
  18  24  25
  25  19  18
  19  25  26
  26  20  19
  20  26  27
  27  21  20
  21  27  28
  22  29  30
  30  23  22
  23  30  31
  31  24  23
  24  31  32
  32  25  24
  25  32  33
  33  26  25
  26  33  34
  34  27  26
  27  34  35
  35  28  27
  28  35  36
  29  37  38
  38  30  29
  30  38  39
  39  31  30
  31  39  40
  40  32  31
  32  40  41
  41  33  32
  33  41  42
  42  34  33
  34  42  43
  43  35  34
  35  43  44
  44  36  35
  36  44  45
  37  46  47
  47  38  37
  38  47  48
  48  39  38
  39  48  49
  49  40  39
  40  49  50
  50  41  40
  41  50  51
  51  42  41
  42  51  52
  52  43  42
  43  52  53
  53  44  43
  44  53  54
  54  45  44
  45  54  55
  46  56  57
  57  47  46
  47  57  58
  58  48  47
  48  58  59
  59  49  48
  49  59  60
  60  50  49
  50  60  61
  61  51  50
  51  61  62
  62  52  51
  52  62  63
  63  53  52
  53  63  64
  64  54  53
  54  64  65
  65  55  54
  55  65  66
  56  67  68
  68  57  56
  57  68  69
  69  58  57
  58  69  70
  70  59  58
  59  70  71
  71  60  59
  60  71  72
  72  61  60
  61  72  73
  73  62  61
  62  73  74
  74  63  62
  63  74  75
  75  64  63
  64  75  76
  76  65  64
  65  76  77
  77  66  65
  66  77  78
  67  79  80
  80  68  67
  68  80  81
  81  69  68
  69  81  82
  82  70  69
  70  82  83
  83  71  70
  71  83  84
  84  72  71
  72  84  85
  85  73  72
  73  85  86
  86  74  73
  74  86  87
  87  75  74
  75  87  88
  88  76  75
  76  88  89
  89  77  76
  77  89  90
  90  78  77
  78  90  91
  79  92  93
  93  80  79
  80  93  94
  94  81  80
  81  94  95
  95  82  81
  82  95  96
  96  83  82
  83  96  97
  97  84  83
  84  97  98
  98  85  84
  85  98  99
  99  86  85
  86  99 100
 100  87  86
  87 100 101
 101  88  87
  88 101 102
 102  89  88
  89 102 103
 103  90  89
  90 103 104
 104  91  90
  91 104 105
  92 106 107
 107  93  92
  93 107 108
 108  94  93
  94 108 109
 109  95  94
  95 109 110
 110  96  95
  96 110 111
 111  97  96
  97 111 112
 112  98  97
  98 112 113
 113  99  98
  99 113 114
 114 100  99
 100 114 115
 115 101 100
 101 115 116
 116 102 101
 102 116 117
 117 103 102
 103 117 118
 118 104 103
 104 118 119
 119 105 104
 105 119 120
 106 121 122
 122 107 106
 107 122 123
 123 108 107
 108 123 124
 124 109 108
 109 124 125
 125 110 109
 110 125 126
 126 111 110
 111 126 127
 127 112 111
 112 127 128
 128 113 112
 113 128 129
 129 114 113
 114 129 130
 130 115 114
 115 130 131
 131 116 115
 116 131 132
 132 117 116
 117 132 133
 133 118 117
 118 133 134
 134 119 118
 119 134 135
 135 120 119
 120 135 136
 121 137 138
 138 122 121
 122 138 139
 139 123 122
 123 139 140
 140 124 123
 124 140 141
 141 125 124
 125 141 142
 142 126 125
 126 142 143
 143 127 126
 127 143 144
 144 128 127
 128 144 145
 145 129 128
 129 145 146
 146 130 129
 130 146 147
 147 131 130
 131 147 148
 148 132 131
 132 148 149
 149 133 132
 133 149 150
 150 134 133
 134 150 151
 151 135 134
 135 151 152
 152 136 135
 136 152 153
 137 154 155
 155 138 137
 138 155 156
 156 139 138
 139 156 157
 157 140 139
 140 157 158
 158 141 140
 141 158 159
 159 142 141
 142 159 160
 160 143 142
 143 160 161
 161 144 143
 144 161 162
 162 145 144
 145 162 163
 163 146 145
 146 163 164
 164 147 146
 147 164 165
 165 148 147
 148 165 166
 166 149 148
 149 166 167
 167 150 149
 150 167 168
 168 151 150
 151 168 169
 169 152 151
 152 169 170
 170 153 152
 153 170 171
 154 172 173
 173 155 154
 155 173 174
 174 156 155
 156 174 175
 175 157 156
 157 175 176
 176 158 157
 158 176 177
 177 159 158
 159 177 178
 178 160 159
 160 178 179
 179 161 160
 161 179 180
 180 162 161
 162 180 181
 181 163 162
 163 181 182
 182 164 163
 164 182 183
 183 165 164
 165 183 184
 184 166 165
 166 184 185
 185 167 166
 167 185 186
 186 168 167
 168 186 187
 187 169 168
 169 187 188
 188 170 169
 170 188 189
 189 171 170
 171 189 190
 172 191 192
 192 173 172
 173 192 193
 193 174 173
 174 193 194
 194 175 174
 175 194 195
 195 176 175
 176 195 196
 196 177 176
 177 196 197
 197 178 177
 178 197 198
 198 179 178
 179 198 199
 199 180 179
 180 199 200
 200 181 180
 181 200 201
 201 182 181
 182 201 202
 202 183 182
 183 202 203
 203 184 183
 184 203 204
 204 185 184
 185 204 205
 205 186 185
 186 205 206
 206 187 186
 187 206 207
 207 188 187
 188 207 208
 208 189 188
 189 208 209
 209 190 189
 190 209 210
 191 211 212
 212 192 191
 192 212 213
 213 193 192
 193 213 214
 214 194 193
 194 214 215
 215 195 194
 195 215 216
 216 196 195
 196 216 217
 217 197 196
 197 217 218
 218 198 197
 198 218 219
 219 199 198
 199 219 220
 220 200 199
 200 220 221
 221 201 200
 201 221 222
 222 202 201
 202 222 223
 223 203 202
 203 223 224
 224 204 203
 204 224 225
 225 205 204
 205 225 226
 226 206 205
 206 226 227
 227 207 206
 207 227 228
 228 208 207
 208 228 229
 229 209 208
 209 229 230
 230 210 209
 210 230 231
 211 232 233
 233 212 211
 212 233 234
 234 213 212
 213 234 235
 235 214 213
 214 235 236
 236 215 214
 215 236 237
 237 216 215
 216 237 238
 238 217 216
 217 238 239
 239 218 217
 218 239 240
 240 219 218
 219 240 241
 241 220 219
 220 241 242
 242 221 220
 221 242 243
 243 222 221
 222 243 244
 244 223 222
 223 244 245
 245 224 223
 224 245 246
 246 225 224
 225 246 247
 247 226 225
 226 247 248
 248 227 226
 227 248 249
 249 228 227
 228 249 250
 250 229 228
 229 250 251
 251 230 229
 230 251 252
 252 231 230
 231 252 253
 232 254 255
 255 233 232
 233 255 256
 256 234 233
 234 256 257
 257 235 234
 235 257 258
 258 236 235
 236 258 259
 259 237 236
 237 259 260
 260 238 237
 238 260 261
 261 239 238
 239 261 262
 262 240 239
 240 262 263
 263 241 240
 241 263 264
 264 242 241
 242 264 265
 265 243 242
 243 265 266
 266 244 243
 244 266 267
 267 245 244
 245 267 268
 268 246 245
 246 268 269
 269 247 246
 247 269 270
 270 248 247
 248 270 271
 271 249 248
 249 271 272
 272 250 249
 250 272 273
 273 251 250
 251 273 274
 274 252 251
 252 274 275
 275 253 252
 253 275 276
 254 277 278
 278 255 254
 255 278 279
 279 256 255
 256 279 280
 280 257 256
 257 280 281
 281 258 257
 258 281 282
 282 259 258
 259 282 283
 283 260 259
 260 283 284
 284 261 260
 261 284 285
 285 262 261
 262 285 286
 286 263 262
 263 286 287
 287 264 263
 264 287 288
 288 265 264
 265 288 289
 289 266 265
 266 289 290
 290 267 266
 267 290 291
 291 268 267
 268 291 292
 292 269 268
 269 292 293
 293 270 269
 270 293 294
 294 271 270
 271 294 295
 295 272 271
 272 295 296
 296 273 272
 273 296 297
 297 274 273
 274 297 298
 298 275 274
 275 298 299
 299 276 275
 276 299 300
 277 301 302
 302 278 277
 278 302 303
 303 279 278
 279 303 304
 304 280 279
 280 304 305
 305 281 280
 281 305 306
 306 282 281
 282 306 307
 307 283 282
 283 307 308
 308 284 283
 284 308 309
 309 285 284
 285 309 310
 310 286 285
 286 310 311
 311 287 286
 287 311 312
 312 288 287
 288 312 313
 313 289 288
 289 313 314
 314 290 289
 290 314 315
 315 291 290
 291 315 316
 316 292 291
 292 316 317
 317 293 292
 293 317 318
 318 294 293
 294 318 319
 319 295 294
 295 319 320
 320 296 295
 296 320 321
 321 297 296
 297 321 322
 322 298 297
 298 322 323
 323 299 298
 299 323 324
 324 300 299
 300 324 325
 301 326 327
 327 302 301
 302 327 328
 328 303 302
 303 328 329
 329 304 303
 304 329 330
 330 305 304
 305 330 331
 331 306 305
 306 331 332
 332 307 306
 307 332 333
 333 308 307
 308 333 334
 334 309 308
 309 334 335
 335 310 309
 310 335 336
 336 311 310
 311 336 337
 337 312 311
 312 337 338
 338 313 312
 313 338 339
 339 314 313
 314 339 340
 340 315 314
 315 340 341
 341 316 315
 316 341 342
 342 317 316
 317 342 343
 343 318 317
 318 343 344
 344 319 318
 319 344 345
 345 320 319
 320 345 346
 346 321 320
 321 346 347
 347 322 321
 322 347 348
 348 323 322
 323 348 349
 349 324 323
 324 349 350
 350 325 324
 325 350 351
 326 352 353
 353 327 326
 327 353 354
 354 328 327
 328 354 355
 355 329 328
 329 355 356
 356 330 329
 330 356 357
 357 331 330
 331 357 358
 358 332 331
 332 358 359
 359 333 332
 333 359 360
 360 334 333
 334 360 361
 361 335 334
 335 361 362
 362 336 335
 336 362 363
 363 337 336
 337 363 364
 364 338 337
 338 364 365
 365 339 338
 339 365 366
 366 340 339
 340 366 367
 367 341 340
 341 367 368
 368 342 341
 342 368 369
 369 343 342
 343 369 370
 370 344 343
 344 370 371
 371 345 344
 345 371 372
 372 346 345
 346 372 373
 373 347 346
 347 373 374
 374 348 347
 348 374 375
 375 349 348
 349 375 376
 376 350 349
 350 376 377
 377 351 350
 351 377 378
 352 379 380
 380 353 352
 353 380 381
 381 354 353
 354 381 382
 382 355 354
 355 382 383
 383 356 355
 356 383 384
 384 357 356
 357 384 385
 385 358 357
 358 385 386
 386 359 358
 359 386 387
 387 360 359
 360 387 388
 388 361 360
 361 388 389
 389 362 361
 362 389 390
 390 363 362
 363 390 391
 391 364 363
 364 391 392
 392 365 364
 365 392 393
 393 366 365
 366 393 394
 394 367 366
 367 394 395
 395 368 367
 368 395 396
 396 369 368
 369 396 397
 397 370 369
 370 397 398
 398 371 370
 371 398 399
 399 372 371
 372 399 400
 400 373 372
 373 400 401
 401 374 373
 374 401 402
 402 375 374
 375 402 403
 403 376 375
 376 403 404
 404 377 376
 377 404 405
 405 378 377
 378 405 406
 379 407 408
 408 380 379
 380 408 409
 409 381 380
 381 409 410
 410 382 381
 382 410 411
 411 383 382
 383 411 412
 412 384 383
 384 412 413
 413 385 384
 385 413 414
 414 386 385
 386 414 415
 415 387 386
 387 415 416
 416 388 387
 388 416 417
 417 389 388
 389 417 418
 418 390 389
 390 418 419
 419 391 390
 391 419 420
 420 392 391
 392 420 421
 421 393 392
 393 421 422
 422 394 393
 394 422 423
 423 395 394
 395 423 424
 424 396 395
 396 424 425
 425 397 396
 397 425 426
 426 398 397
 398 426 427
 427 399 398
 399 427 428
 428 400 399
 400 428 429
 429 401 400
 401 429 430
 430 402 401
 402 430 431
 431 403 402
 403 431 432
 432 404 403
 404 432 433
 433 405 404
 405 433 434
 434 406 405
 406 434 435
 407 436 437
 437 408 407
 408 437 438
 438 409 408
 409 438 439
 439 410 409
 410 439 440
 440 411 410
 411 440 441
 441 412 411
 412 441 442
 442 413 412
 413 442 443
 443 414 413
 414 443 444
 444 415 414
 415 444 445
 445 416 415
 416 445 446
 446 417 416
 417 446 447
 447 418 417
 418 447 448
 448 419 418
 419 448 449
 449 420 419
 420 449 450
 450 421 420
 421 450 451
 451 422 421
 422 451 452
 452 423 422
 423 452 453
 453 424 423
 424 453 454
 454 425 424
 425 454 455
 455 426 425
 426 455 456
 456 427 426
 427 456 457
 457 428 427
 428 457 458
 458 429 428
 429 458 459
 459 430 429
 430 459 460
 460 431 430
 431 460 461
 461 432 431
 432 461 462
 462 433 432
 433 462 463
 463 434 433
 434 463 464
 464 435 434
 435 464 465
