TITLE = "Unit spherical octant triangulation"
VARIABLES =
"x"
"y"
"z"
"solid angle, sr"
ZONE T = "unit_sphere_octant_12.dat"
Nodes = 78, Elements = 121
ZONETYPE=FETriangle
DATAPACKING=BLOCK
VARLOCATION=([4]=CELLCENTERED)
  0.00000000E+00  1.54890121E-01  0.00000000E+00  2.97301129E-01  1.65780659E-01
  0.00000000E+00  4.25551038E-01  3.16950623E-01  1.76844611E-01  0.00000000E+00
  5.42214596E-01  4.54025848E-01  3.37730345E-01  1.83646163E-01  0.00000000E+00
  6.47820932E-01  5.77544742E-01  4.81105991E-01  3.49272025E-01  1.86693020E-01
  0.00000000E+00  7.42269203E-01  6.87617745E-01  6.07661164E-01  4.95255006E-01
  3.52908565E-01  1.86548917E-01  0.00000000E+00  8.25401604E-01  7.84083235E-01
  7.18052895E-01  6.21954951E-01  4.97790155E-01  3.50308310E-01  1.83215251E-01
  0.00000000E+00  8.95619682E-01  8.65475012E-01  8.10871287E-01  7.28997406E-01
  6.20933319E-01  4.90631035E-01  3.41566274E-01  1.77051619E-01  0.00000000E+00
  9.50718460E-01  9.29273505E-01  8.84257774E-01  8.14276582E-01  7.20783512E-01
  6.06514094E-01  4.74253884E-01  3.27196296E-01  1.68769618E-01  0.00000000E+00
  9.87107424E-01  9.72168935E-01  9.34918570E-01  8.75497076E-01  7.95206132E-01
  6.96089998E-01  5.80183877E-01  4.50211458E-01  3.08751947E-01  1.58664459E-01
  0.00000000E+00  9.99999999E-01  9.88393854E-01  9.56742955E-01  9.06564954E-01
  8.38809569E-01  7.54804430E-01  6.56028775E-01  5.44430637E-01  4.22014979E-01
  2.90762751E-01  1.51883116E-01  0.00000000E+00  0.00000000E+00  0.00000000E+00
  1.54581767E-01  0.00000000E+00  1.65767839E-01  2.96972284E-01  0.00000000E+00
  1.77175872E-01  3.17484319E-01  4.25808039E-01  0.00000000E+00  1.83607798E-01
  3.37757159E-01  4.54478951E-01  5.42302008E-01  0.00000000E+00  1.86592960E-01
  3.49149556E-01  4.80958603E-01  5.77994560E-01  6.47852625E-01  0.00000000E+00
  1.86760714E-01  3.52904134E-01  4.95240115E-01  6.07737732E-01  6.87963641E-01
  7.42269203E-01  0.00000000E+00  1.83053131E-01  3.50370094E-01  4.97896296E-01
  6.21841051E-01  7.18088028E-01  7.84200760E-01  8.25367016E-01  0.00000000E+00
  1.77183683E-01  3.41373329E-01  4.90637627E-01  6.20855252E-01  7.28830098E-01
  8.10962743E-01  8.65549604E-01  8.95658019E-01  0.00000000E+00  1.68581854E-01
  3.27338531E-01  4.74339034E-01  6.06754579E-01  7.20910992E-01  8.14328458E-01
  8.84327331E-01  9.29267726E-01  9.50718457E-01  0.00000000E+00  1.58666379E-01
  3.08626271E-01  4.50158864E-01  5.80133115E-01  6.96026067E-01  7.95167659E-01
  8.75468163E-01  9.34901776E-01  9.72163716E-01  9.87107423E-01  0.00000000E+00
  1.51940011E-01  2.90938223E-01  4.22069957E-01  5.44426453E-01  6.55950495E-01
  7.54736379E-01  8.38806852E-01  9.06590502E-01  9.56796224E-01  9.88402600E-01
  9.99999999E-01  1.00000000E+00  9.87957528E-01  9.88005801E-01  9.54958142E-01
  9.72173102E-01  9.55060404E-01  9.04967775E-01  9.31755371E-01  9.31636572E-01
  9.04846854E-01  8.40276618E-01  8.71980704E-01  8.78752098E-01  8.71736550E-01
  8.40220210E-01  7.61803526E-01  7.95008833E-01  8.04368566E-01  8.04403528E-01
  7.94658423E-01  7.61776571E-01  6.70107248E-01  7.01700658E-01  7.11527941E-01
  7.13810036E-01  7.11460355E-01  7.01417967E-01  6.70107248E-01  5.64558538E-01
  5.93065208E-01  6.01431133E-01  6.04414437E-01  6.04619105E-01  6.01425254E-01
  5.92859689E-01  5.64609083E-01  4.44835012E-01  4.68916124E-01  4.75581554E-01
  4.77695467E-01  4.78809277E-01  4.77957748E-01  4.75286745E-01  4.68828413E-01
  4.44757824E-01  3.10151544E-01  3.28945266E-01  3.33405095E-01  3.34802953E-01
  3.35469246E-01  3.35629847E-01  3.34797650E-01  3.33360275E-01  3.28865295E-01
  3.10151551E-01  1.60158248E-01  1.72552903E-01  1.75210870E-01  1.75775505E-01
  1.76391963E-01  1.76162928E-01  1.76398621E-01  1.75784599E-01  1.75079288E-01
  1.72584128E-01  1.60158253E-01  0.00000000E+00  0.00000000E+00  0.00000000E+00
  0.00000000E+00  0.00000000E+00  0.00000000E+00  0.00000000E+00  0.00000000E+00
  0.00000000E+00  0.00000000E+00  0.00000000E+00  0.00000000E+00
  1.21652254E-02  1.22746198E-02  1.39432481E-02  1.22727209E-02  1.23592549E-02
  1.39400753E-02  1.22071649E-02  1.39635883E-02  1.23919022E-02  1.24155797E-02
  1.38276621E-02  1.23723277E-02  1.38958234E-02  1.23882026E-02  1.38200053E-02
  1.24013700E-02  1.24448136E-02  1.37236164E-02  1.24818054E-02  1.37527945E-02
  1.24477613E-02  1.37444604E-02  1.24925258E-02  1.37338820E-02  1.24456816E-02
  1.24646683E-02  1.36972214E-02  1.25321151E-02  1.36262412E-02  1.25456188E-02
  1.36610829E-02  1.25597527E-02  1.36456877E-02  1.25266679E-02  1.36807860E-02
  1.24462690E-02  1.24665905E-02  1.36841963E-02  1.26001123E-02  1.35804051E-02
  1.26322302E-02  1.35838149E-02  1.26182589E-02  1.35615494E-02  1.26189017E-02
  1.35886961E-02  1.25740186E-02  1.36605453E-02  1.24722278E-02  1.24597509E-02
  1.36725261E-02  1.26029986E-02  1.35595482E-02  1.26348997E-02  1.35278067E-02
  1.26627556E-02  1.35130089E-02  1.26710441E-02  1.35191150E-02  1.26432330E-02
  1.35705315E-02  1.26134830E-02  1.36673201E-02  1.24635502E-02  1.24249374E-02
  1.36929194E-02  1.26050963E-02  1.35647189E-02  1.26635329E-02  1.35165393E-02
  1.26702681E-02  1.35155876E-02  1.26822980E-02  1.35129249E-02  1.26761402E-02
  1.35207736E-02  1.26427780E-02  1.35676804E-02  1.25788464E-02  1.36845828E-02
  1.24316692E-02  1.24010973E-02  1.37597831E-02  1.25570462E-02  1.36157936E-02
  1.26285669E-02  1.35604020E-02  1.26224698E-02  1.35273853E-02  1.26236636E-02
  1.35298031E-02  1.26388105E-02  1.35206102E-02  1.26218020E-02  1.35631766E-02
  1.26277765E-02  1.35943020E-02  1.25594939E-02  1.37642543E-02  1.24009284E-02
  1.23679765E-02  1.39102079E-02  1.24704977E-02  1.37215378E-02  1.24677500E-02
  1.36986791E-02  1.24552591E-02  1.36782972E-02  1.24753470E-02  1.36613992E-02
  1.24644871E-02  1.36640395E-02  1.24846702E-02  1.36791944E-02  1.24617527E-02
  1.36909315E-02  1.24690145E-02  1.37239790E-02  1.24617025E-02  1.39121776E-02
  1.23632733E-02
   1   2   3
   2   4   5
   5   3   2
   3   5   6
   4   7   8
   8   5   4
   5   8   9
   9   6   5
   6   9  10
   7  11  12
  12   8   7
   8  12  13
  13   9   8
   9  13  14
  14  10   9
  10  14  15
  11  16  17
  17  12  11
  12  17  18
  18  13  12
  13  18  19
  19  14  13
  14  19  20
  20  15  14
  15  20  21
  16  22  23
  23  17  16
  17  23  24
  24  18  17
  18  24  25
  25  19  18
  19  25  26
  26  20  19
  20  26  27
  27  21  20
  21  27  28
  22  29  30
  30  23  22
  23  30  31
  31  24  23
  24  31  32
  32  25  24
  25  32  33
  33  26  25
  26  33  34
  34  27  26
  27  34  35
  35  28  27
  28  35  36
  29  37  38
  38  30  29
  30  38  39
  39  31  30
  31  39  40
  40  32  31
  32  40  41
  41  33  32
  33  41  42
  42  34  33
  34  42  43
  43  35  34
  35  43  44
  44  36  35
  36  44  45
  37  46  47
  47  38  37
  38  47  48
  48  39  38
  39  48  49
  49  40  39
  40  49  50
  50  41  40
  41  50  51
  51  42  41
  42  51  52
  52  43  42
  43  52  53
  53  44  43
  44  53  54
  54  45  44
  45  54  55
  46  56  57
  57  47  46
  47  57  58
  58  48  47
  48  58  59
  59  49  48
  49  59  60
  60  50  49
  50  60  61
  61  51  50
  51  61  62
  62  52  51
  52  62  63
  63  53  52
  53  63  64
  64  54  53
  54  64  65
  65  55  54
  55  65  66
  56  67  68
  68  57  56
  57  68  69
  69  58  57
  58  69  70
  70  59  58
  59  70  71
  71  60  59
  60  71  72
  72  61  60
  61  72  73
  73  62  61
  62  73  74
  74  63  62
  63  74  75
  75  64  63
  64  75  76
  76  65  64
  65  76  77
  77  66  65
  66  77  78
